"","cell_ID","SMCs_Fibroblasts_Hybrids","SMCs_maintype","SMCs_subtype","Macrophages_and_MDSCs","Fibroblasts","Mast_cells","Endothelial_cells","NK_and_T_cells","B_cells"
"1","AAACGCTGGGCACGAC-1",0.927508302400312,0.0724916975996875,0,0,0,0,0,0,0
"2","AAACGGTTGCGAACTG-1",0.474547339109431,0.525452660890569,0,0,0,0,0,0,0
"3","AAACTCGTGATATAAG-1",0,1,0,0,0,0,0,0,0
"4","AAAGACTGGGCGCTTT-1",0.401514452452358,0.598485547547642,0,0,0,0,0,0,0
"5","AAAGCTTGCCTACATA-1",0,0,0,0,0.65131000008349,0,0.34868999991651,0,0
"6","AAAGGCTACGGACCAT-1",0,1,0,0,0,0,0,0,0
"7","AAAGGGCAGCTTGAAT-1",0.177080872074582,0.822919127925418,0,0,0,0,0,0,0
"8","AAAGTCGACCCTCAGT-1",0,0.0733194044839097,0,0.22360450947906,0.70307608603703,0,0,0,0
"9","AAAGTGCCATCAATTA-1",0.174019958312847,0.825980041687153,0,0,0,0,0,0,0
"10","AAATAACCATACGGGA-1",0.0970751671266055,0.902924832873395,0,0,0,0,0,0,0
"11","AAATAAGGTAGTGCCC-1",0.795576381213699,0.204423618786301,0,0,0,0,0,0,0
"12","AAATAGCTTAGACTTT-1",0.502516350391093,0.497483649608908,0,0,0,0,0,0,0
"13","AAATGATTCGATCAGC-1",0,0.327824827149054,0,0,0.672175172850946,0,0,0,0
"14","AAATTACACGACTCTG-1",0,1,0,0,0,0,0,0,0
"15","AAATTACCTATCGATG-1",0.502240646670676,0.497759353329324,0,0,0,0,0,0,0
"16","AAATTCCAGGTCCAAA-1",0,1,0,0,0,0,0,0,0
"17","AACAACTGGTAGTTGC-1",0.131720685239486,0.786795079340508,0,0,0,0,0.0814842354200063,0,0
"18","AACATTGTGACTCGAG-1",0,0.323403250587574,0,0.102159649187474,0.574437100224951,0,0,0,0
"19","AACCAAGACTTCTCTG-1",0,1,0,0,0,0,0,0,0
"20","AACCTGTCACGGAATT-1",0,0,0,0.0700697165358376,0.929930283464162,0,0,0,0
"21","AACGACCTCCTAGCCG-1",0,0.754437643390112,0,0,0.245562356609888,0,0,0,0
"22","AACGCATGATCTGGGT-1",0.425804295845348,0.574195704154652,0,0,0,0,0,0,0
"23","AACGCGACCTTGGGCG-1",0.128914740240657,0.871085259759343,0,0,0,0,0,0,0
"24","AACGTCAGACTAGTGG-1",0,0,0,0,0.447183799287602,0,0.552816200712398,0,0
"25","AACGTTCTACCATTGT-1",0.374335749801516,0.625664250198484,0,0,0,0,0,0,0
"26","AACTCAAGTTAATTGC-1",0,0.86183759112905,0,0,0.13816240887095,0,0,0,0
"27","AACTCCTAATCCCATG-1",0.596699614956458,0.403300385043542,0,0,0,0,0,0,0
"28","AACTCTCAATAGAGCG-1",0.324065555670651,0.675934444329349,0,0,0,0,0,0,0
"29","AACTTCTGCGTCTATC-1",0.292045183961929,0.707954816038071,0,0,0,0,0,0,0
"30","AAGACATACGTGGTTT-1",0,0,0,0.0869539416680512,0.61496078619913,0,0.298085272132819,0,0
"31","AAGACCCAACTGAACA-1",0,0.427140574877975,0,0,0.572859425122025,0,0,0,0
"32","AAGAGGATGTACGCGA-1",0,1,0,0,0,0,0,0,0
"33","AAGATTGGCGGAACGT-1",0,1,0,0,0,0,0,0,0
"34","AAGCCGGAGAGCAGGA-1",0,0,0,0,0.839432970604557,0,0.160567029395443,0,0
"35","AAGCGCAGGGCTTTGA-1",0.345231808952525,0.654768191047475,0,0,0,0,0,0,0
"36","AAGCGGCGTCATGGGT-1",0,0.131573134940407,0,0,0.868426865059593,0,0,0,0
"37","AAGGATCGATCGCTTG-1",0,0.488900441935566,0,0.113045983018111,0.398053575046323,0,0,0,0
"38","AAGGATGAGGGACCTC-1",0,0.946719338243628,0,0,0.0532806617563717,0,0,0,0
"39","AAGGCGCGTAAAGCTT-1",0.160944683434626,0.724337709982052,0,0,0,0,0.114717606583321,0,0
"40","AAGGGACAGATTCTGT-1",0.3401755616061,0.6598244383939,0,0,0,0,0,0,0
"41","AAGGGTTAGCCATGCG-1",0.0975894962521248,0.689085746097583,0,0,0.213324757650292,0,0,0,0
"42","AAGGTATCCTAATATA-1",0,0.697214798985786,0,0,0.302785201014214,0,0,0,0
"43","AAGTGACGACCGAATT-1",0,0,0,0,1,0,0,0,0
"44","AAGTGAGTCGGGTTTA-1",0,0,0,0.0982591664578894,0.746480053796948,0,0.155260779745163,0,0
"45","AAGTGCAAAGGTAGAC-1",0,1,0,0,0,0,0,0,0
"46","AAGTTCAGTCTGCGTA-1",0.278719081715451,0.721280918284549,0,0,0,0,0,0,0
"47","AATAACAACGCTCGGC-1",0.215457061715944,0.784542938284056,0,0,0,0,0,0,0
"48","AATAGCTACCGCGTGC-1",0,0,0,0.0800128661645072,0.736709932782982,0,0.183277201052511,0,0
"49","AATAGTCCGTCCCGAC-1",0,0.548057793439917,0,0,0.451942206560083,0,0,0,0
"50","AATAGTCGCGAGTCGG-1",0.0630754105877871,0.936924589412213,0,0,0,0,0,0,0
"51","AATATTGGAGTATTGA-1",0,0.423553714176827,0,0,0.576446285823173,0,0,0,0
"52","AATCTATGCCGGAGCC-1",0.394496288932974,0.605503711067026,0,0,0,0,0,0,0
"53","AATCTGCGTTGGGACG-1",0,1,0,0,0,0,0,0,0
"54","AATGATGATACGCTAT-1",0.455944181770727,0.544055818229273,0,0,0,0,0,0,0
"55","AATGGTCCACCGTTCA-1",0,1,0,0,0,0,0,0,0
"56","AATTCATAAGGGATCT-1",0.216201479662857,0.783798520337143,0,0,0,0,0,0,0
"57","AATTCCAAGCATGTAC-1",0.729720135390386,0.270279864609614,0,0,0,0,0,0,0
"58","AATTCGATTCGAGGAT-1",0,0,0,0.091284240078177,0.160155300342423,0,0.7485604595794,0,0
"59","AATTGTGGTTGCCAAA-1",0,0.562557105456956,0,0,0.437442894543044,0,0,0,0
"60","AATTTGGGACATAGTA-1",0.118083790004028,0.315301690193183,0,0,0,0,0.566614519802788,0,0
"61","ACAAGGACAAGAGGTT-1",0,1,0,0,0,0,0,0,0
"62","ACAATCCATTTAAACC-1",0.419110175331121,0.580889824668879,0,0,0,0,0,0,0
"63","ACACCACATAATTAGC-1",0,1,0,0,0,0,0,0,0
"64","ACACCTTAAGTAGGGC-1",0,0,0,0,0.387701726131342,0,0.612298273868658,0,0
"65","ACACTCCAATGTCACT-1",0,1,0,0,0,0,0,0,0
"66","ACATGGCGCCAAAGTA-1",0,0,0,0.0638390611820049,0.936160938817995,0,0,0,0
"67","ACCAACACCACACACT-1",0,0.479903608203176,0,0,0.520096391796824,0,0,0,0
"68","ACCACCCTCTCTTCTA-1",0,0,0,0,0.779816189108817,0,0.220183810891183,0,0
"69","ACCCAACGCCCGTGGC-1",0,0.532976257531441,0,0,0.467023742468559,0,0,0,0
"70","ACCCATCTTGAGGGTA-1",0.188767510410551,0.811232489589449,0,0,0,0,0,0,0
"71","ACCCGGATGACGCATC-1",0,1,0,0,0,0,0,0,0
"72","ACCCGTAGTCTAGTTG-1",0,0.65761963753815,0,0,0.34238036246185,0,0,0,0
"73","ACCCGTGTCATCAGTA-1",0,0,0,0.0838196467823483,0.60621588003569,0,0.309964473181961,0,0
"74","ACCCTGGTAACGCCCT-1",0,0,0,0,0.84625998950385,0,0.15374001049615,0,0
"75","ACCGACACATCTCCCA-1",0.5230828625127,0.4769171374873,0,0,0,0,0,0,0
"76","ACCGAGTCTCCTTATT-1",0,0,0,0.145370506695087,0.486725908212707,0,0.367903585092207,0,0
"77","ACCGATGGTAGCATCG-1",0.3362224404821,0.402743549396163,0,0,0.261034010121737,0,0,0,0
"78","ACCTACTATAAATCTA-1",0.507665282641683,0.492334717358318,0,0,0,0,0,0,0
"79","ACCTCCGTTATTCACC-1",1,0,0,0,0,0,0,0,0
"80","ACGATACATAGAACTA-1",0,0.673129424746367,0,0,0.326870575253633,0,0,0,0
"81","ACGATCATCTTGTAAA-1",0,1,0,0,0,0,0,0,0
"82","ACGATGCATATGTTAT-1",0.021584232934215,0.740140272161309,0,0,0.238275494904476,0,0,0,0
"83","ACGCAAACTAATAGAT-1",0,0,0,0,0.653059792374413,0,0.346940207625587,0,0
"84","ACGCAATCACTACAGC-1",0.400938522575369,0.599061477424631,0,0,0,0,0,0,0
"85","ACGCGCTACACAGGGT-1",0,0.481298453761525,0,0,0.518701546238475,0,0,0,0
"86","ACGCTACTGAATGGGC-1",0.187834133750609,0.574224455615544,0,0,0.237941410633846,0,0,0,0
"87","ACGGAGCGCAAATTAC-1",0.444000831979171,0.438744806411338,0,0,0.117254361609491,0,0,0,0
"88","ACGGGCGTATGCGACA-1",0,0,0,0,1,0,0,0,0
"89","ACGGGTCATGTGACTT-1",0,0,0,0,1,0,0,0,0
"90","ACGTTAGATTTGCCCG-1",0,0.660881064499299,0,0,0.339118935500701,0,0,0,0
"91","ACGTTCGCAATCAATT-1",0.926903408850033,0.0730965911499673,0,0,0,0,0,0,0
"92","ACGTTTCGGTGCACTT-1",0.0635674116753593,0.936432588324641,0,0,0,0,0,0,0
"93","ACTACAAAGAGAGGTG-1",0,0,0,0,1,0,0,0,0
"94","ACTACCAGCTCTCTGG-1",0.154099914289023,0.471951677501546,0,0,0.274901400248862,0,0.0990470079605688,0,0
"95","ACTACGCGTTAGAATT-1",0,1,0,0,0,0,0,0,0
"96","ACTATATGCTGTGTTC-1",0,0,0,0,1,0,0,0,0
"97","ACTATCCAGGGCATGG-1",0,1,0,0,0,0,0,0,0
"98","ACTCGATGTATTTCAT-1",0.589610417978677,0.410389582021323,0,0,0,0,0,0,0
"99","ACTGCGGACACACCGT-1",0,0,0,0,1,0,0,0,0
"100","ACTGGGATGCCAGTGC-1",0,1,0,0,0,0,0,0,0
"101","ACTGTAGCACTTTGGA-1",0.149661619403716,0.581725643162799,0,0,0.268612737433485,0,0,0,0
"102","ACTTACCGGGCGCGCA-1",0,1,0,0,0,0,0,0,0
"103","ACTTGGGCTTTCGCCA-1",0.293232955856651,0.706767044143349,0,0,0,0,0,0,0
"104","AGAAGGTTGTAGGTCG-1",0,0,0,0,0.182703871657511,0,0.817296128342489,0,0
"105","AGAATTATGGATTCGA-1",0.70313432055927,0.29686567944073,0,0,0,0,0,0,0
"106","AGACCATGGGATACAA-1",0,1,0,0,0,0,0,0,0
"107","AGAGCGTACAAGCTCG-1",0.11652309709979,0.88347690290021,0,0,0,0,0,0,0
"108","AGAGTATAGTGTTACG-1",0,0,0,0.170132621883661,0.738513261928447,0,0.0913541161878921,0,0
"109","AGAGTCTTAATGAAAG-1",0.19673337263841,0.710338844703989,0,0,0.0929277826576014,0,0,0,0
"110","AGATATAATACGACTA-1",0.395696473925627,0.604303526074373,0,0,0,0,0,0,0
"111","AGATGAGGGTTGCGAT-1",0,1,0,0,0,0,0,0,0
"112","AGATGATGGAGTCTGG-1",0.938361231662154,0.0616387683378464,0,0,0,0,0,0,0
"113","AGCACTACCGGCCTGT-1",0,1,0,0,0,0,0,0,0
"114","AGCACTTAAGGACGCC-1",0.294882531404521,0.638742121283279,0,0,0,0,0.0663753473121994,0,0
"115","AGCAGCCAGATGAATA-1",0,0,0,0,0.625817698302457,0,0.374182301697543,0,0
"116","AGCCAAGCTTTGTGTC-1",0.426336344640439,0.343331199345828,0,0,0,0,0.230332456013733,0,0
"117","AGCCACTCCCGTGCTT-1",0,0,0,0,1,0,0,0,0
"118","AGCCCGCAACAAGCAG-1",0,1,0,0,0,0,0,0,0
"119","AGCCCTTCTAATCCGA-1",0,1,0,0,0,0,0,0,0
"120","AGCGCATAATGAATCG-1",0,0,0,0.155495713985061,0.483774767994324,0,0.360729518020615,0,0
"121","AGCGCGGGTGCCAATG-1",0.22857830614884,0.77142169385116,0,0,0,0,0,0,0
"122","AGCTATTTAATCCAAC-1",0,1,0,0,0,0,0,0,0
"123","AGCTCTTCCCAGTGCA-1",0,1,0,0,0,0,0,0,0
"124","AGCTCTTCGTAACCTT-1",0,0.383070229852775,0,0,0.616929770147225,0,0,0,0
"125","AGCTGAAGTAAACCAA-1",0,0.49551585411642,0,0,0.50448414588358,0,0,0,0
"126","AGGAACGAACGACTTC-1",0,0.609941341782962,0,0,0.390058658217038,0,0,0,0
"127","AGGAAGCTGTCCGCCG-1",0.470411383738233,0.529588616261767,0,0,0,0,0,0,0
"128","AGGACATCGGCACACT-1",0.316214313641181,0.683785686358819,0,0,0,0,0,0,0
"129","AGGATTGCTTACGACA-1",0,0.436223925353538,0,0,0.563776074646462,0,0,0,0
"130","AGGCAGATGCGTAAAC-1",0.275520176374835,0.468458099491296,0,0,0.256021724133869,0,0,0,0
"131","AGGCAGGGAGCGTACT-1",0,0,0,0,0.139395344450378,0,0.860604655549622,0,0
"132","AGGCCACCCGTTATGA-1",0.120654316956983,0.640936285641665,0,0,0.238409397401352,0,0,0,0
"133","AGGCCTATCATACCAA-1",0,1,0,0,0,0,0,0,0
"134","AGGGAAACGAGGTACT-1",0.305916600814714,0.590280430811078,0,0,0,0,0.103802968374208,0,0
"135","AGGGACCGGCTGCGTT-1",0.501176565102874,0.498823434897126,0,0,0,0,0,0,0
"136","AGGGAGACATACTTCG-1",0.609392519064258,0.390607480935742,0,0,0,0,0,0,0
"137","AGGGCCCTAATGTTCT-1",0.22615759075934,0.700721150621883,0,0,0.0731212586187767,0,0,0,0
"138","AGGGTCGATGCGAACT-1",0,1,0,0,0,0,0,0,0
"139","AGGGTCTGGACGCAGT-1",0.0293711293040501,0.853927848735125,0,0,0.116701021960825,0,0,0,0
"140","AGGGTGGATAGTGCAT-1",0.118310079246391,0.881689920753609,0,0,0,0,0,0,0
"141","AGGGTTCCCTTTGGTT-1",0,0.910274334813605,0,0,0.0897256651863946,0,0,0,0
"142","AGGTATAATTGATAGT-1",0.612553100452492,0.387446899547508,0,0,0,0,0,0,0
"143","AGGTGGTGACCTTCGC-1",0,1,0,0,0,0,0,0,0
"144","AGGTGTATCGCCATGA-1",0,0.375117348960557,0,0.255142317145427,0.369740333894016,0,0,0,0
"145","AGGTGTTGCCGACCAC-1",0.501554389250059,0.498445610749941,0,0,0,0,0,0,0
"146","AGTACAGAAGCTTATA-1",0,0,0,0.135006923779182,0.380083690752308,0,0.48490938546851,0,0
"147","AGTACGGGCACCTGGC-1",0.0962243767728435,0.750845504412675,0,0,0.152930118814482,0,0,0,0
"148","AGTATAATACTAGGCA-1",0.228934987195924,0.771065012804076,0,0,0,0,0,0,0
"149","AGTATACACAGCGACA-1",0,0,0,0.200963100578489,0.617756763232768,0,0.181280136188742,0,0
"150","AGTATTTGGCACGACC-1",0,0,0,0,0.340525705294716,0,0.659474294705284,0,0
"151","AGTCGAATTAGCGTAA-1",0,1,0,0,0,0,0,0,0
"152","AGTCGGCCCAAACGAC-1",0,0.488589338756689,0,0,0.511410661243311,0,0,0,0
"153","AGTCTGGACATCCTTG-1",0.184363720642527,0.815636279357473,0,0,0,0,0,0,0
"154","AGTCTTTAAAGTGTCC-1",0,0,0,0,0.329981274914617,0,0.670018725085383,0,0
"155","AGTGATTCAAGCAGGA-1",0.140524183250373,0.612817925779897,0,0,0.24665789096973,0,0,0,0
"156","AGTGGCGGCAATTTGA-1",0.526844894260847,0.473155105739153,0,0,0,0,0,0,0
"157","AGTGTGGTCTATTGTG-1",0,1,0,0,0,0,0,0,0
"158","AGTTAAACACTTGCGA-1",0,0.869465895496004,0,0,0.130534104503996,0,0,0,0
"159","AGTTAAGCGGTCCCGG-1",0,0.605141949533045,0,0,0.394858050466955,0,0,0,0
"160","AGTTACCCTTAAGACT-1",0.816930787872178,0.183069212127822,0,0,0,0,0,0,0
"161","AGTTACTCTATCGTGG-1",0.222670684767752,0.685482191150015,0,0,0,0,0.0918471240822326,0,0
"162","AGTTTATGTAAAGACA-1",0,0,0,0.0874572459947719,0.499993415937886,0,0.412549338067342,0,0
"163","ATAAATATTAGCAGCT-1",0,1,0,0,0,0,0,0,0
"164","ATAAGTAGGGCGACTC-1",0.726556076341737,0.273443923658263,0,0,0,0,0,0,0
"165","ATAATACCGTTAGCCG-1",0,1,0,0,0,0,0,0,0
"166","ATACCACGGGCAACTT-1",0.315969692808134,0.568463280788782,0,0,0,0,0.115567026403084,0,0
"167","ATACCTAACCAAGAAA-1",0.133650639542867,0.866349360457133,0,0,0,0,0,0,0
"168","ATACGGGTTTCGATTG-1",0,0.647375959413257,0,0,0.352624040586743,0,0,0,0
"169","ATACTTGTTCTCGAGC-1",0,0.453395697632114,0,0,0.546604302367886,0,0,0,0
"170","ATAGACAACGGGACCT-1",0.347719104417798,0.652280895582202,0,0,0,0,0,0,0
"171","ATAGACGAAGAGAAAG-1",0.352208515977825,0.647791484022175,0,0,0,0,0,0,0
"172","ATAGAGTTATCAACTT-1",0.532438029788463,0.467561970211537,0,0,0,0,0,0,0
"173","ATAGCCATAACAGTCA-1",0,0,0,0,0.636507734246686,0,0.363492265753314,0,0
"174","ATAGCCTCAGTACCCA-1",0.888653222839172,0.111346777160828,1.65717340825267e-19,0,0,0,0,0,0
"175","ATAGCTGCTCTTGTTA-1",0,1,0,0,0,0,0,0,0
"176","ATAGGCGGCTATAGAA-1",0,1,0,0,0,0,0,0,0
"177","ATAGTTCCACCCACTC-1",0,1,0,0,0,0,0,0,0
"178","ATATCAACCTACAGAG-1",0.131925097487034,0.868074902512965,0,0,0,0,0,0,0
"179","ATATCGGTAGGGAGAT-1",0,0.815473475295812,0,0,0.184526524704187,0,0,0,0
"180","ATATCTCCCTCGTTAA-1",0,1,0,0,0,0,0,0,0
"181","ATATGGGATAGCAACT-1",0.135242234855526,0.864757765144474,0,0,0,0,0,0,0
"182","ATATGTCTCCCTAGCC-1",0.372262973540441,0.627737026459559,0,0,0,0,0,0,0
"183","ATCACATTAGAATATC-1",0,0.491094640488676,0,0,0.508905359511324,0,0,0,0
"184","ATCAGGTCGCCATTGC-1",0,0.649809813565733,0,0,0.350190186434267,0,0,0,0
"185","ATCAGTAGGCAGGGAT-1",0.0119556983350596,0.988044301664941,0,0,0,0,0,0,0
"186","ATCCAACGCAGTCATA-1",0,0.361083265094134,0,0,0.638916734905866,0,0,0,0
"187","ATCCCATTTCCGTGGG-1",0.536347117303418,0.463652882696582,0,0,0,0,0,0,0
"188","ATCCGGACCAGCCTGA-1",0.846640063145711,0.153359936854289,0,0,0,0,0,0,0
"189","ATCCTGAATCGCTGCG-1",0,0.185230642104578,0,0,0.814769357895422,0,0,0,0
"190","ATCGCCGTGGTTCATG-1",0.324371559374163,0.675628440625837,0,0,0,0,0,0,0
"191","ATCGCTGCGTGCAGCA-1",0,1,0,0,0,0,0,0,0
"192","ATCGTTCACTTTCGCC-1",0.106570028951631,0.893429971048369,0,0,0,0,0,0,0
"193","ATCTGATAGTGTCTTA-1",0.125217507991994,0.874782492008006,0,0,0,0,0,0,0
"194","ATCTGCACCTCTGCGA-1",0.269014932221826,0.730985067778174,0,0,0,0,0,0,0
"195","ATCTGCTGTTATCGCC-1",0.66514708481982,0.33485291518018,0,0,0,0,0,0,0
"196","ATCTGGGCTGTTCTTG-1",0.466176307615079,0.53382369238492,0,0,0,0,0,0,0
"197","ATCTTGACCTGCAACG-1",0,0,0,0,0.186783523640609,0,0.813216476359391,0,0
"198","ATCTTTCGTATAACCA-1",0,0,0,0,0.834866589377488,0,0.165133410622512,0,0
"199","ATGAGGAGTGTTAATC-1",0.261423497969329,0.496184333785295,0,0,0.242392168245375,0,0,0,0
"200","ATGCACCTTCCTTAAT-1",0.345075379398524,0.654924620601476,0,0,0,0,0,0,0
"201","ATGCCAATCGCTCTGC-1",0.0986213412626235,0.502045298165177,0,0,0.399333360572199,0,0,0,0
"202","ATGCCGGTTGATGGGA-1",0,0.761452001391739,0,0,0.238547998608261,0,0,0,0
"203","ATGCTCAGTGTTGCAT-1",0.161090370259052,0.838909629740948,0,0,0,0,0,0,0
"204","ATGGATCCGGCGTCCG-1",0,0.181812139109529,0,0.228978530895522,0.589209329994949,0,0,0,0
"205","ATGGCCCGAAAGGTTA-1",0,0,0,0,0.800765741640146,0,0.199234258359854,0,0
"206","ATGGCTGGAAATGGCC-1",0,0.402268278045426,0,0,0.597731721954574,0,0,0,0
"207","ATGTAAGGCTGCTCTT-1",0.708756696728822,0.291243303271178,0,0,0,0,0,0,0
"208","ATGTACGATGACGTCG-1",0.260261530830533,0.739738469169467,0,0,0,0,0,0,0
"209","ATGTCATTTCCCATTG-1",0.00847800213857781,0.991521997861422,0,0,0,0,0,0,0
"210","ATGTTCCTGCCCACCT-1",0,0.917441139834313,0,0,0.082558860165687,0,0,0,0
"211","ATGTTCGTCGACCCAC-1",0.346772071180875,0.511308341104809,0,0.141919587714317,0,0,0,0,0
"212","ATGTTGTAGTCTGTTT-1",0,0,0,0.147812018651914,0.350150588474357,0,0.502037392873729,0,0
"213","ATTAACACCTGAGATA-1",0,0.240033260773512,0,0,0.759966739226488,0,0,0,0
"214","ATTACAACTACCGGCC-1",0,1,0,0,0,0,0,0,0
"215","ATTACGCGCTGGCAGG-1",0,0.472755872011876,0,0,0.527244127988124,0,0,0,0
"216","ATTATACTTTGCTCGT-1",0,0.604066343622844,0,0.155448366677677,0.240485289699479,0,0,0,0
"217","ATTATAGCTACTTTAC-1",0.40019644892691,0.59980355107309,0,0,0,0,0,0,0
"218","ATTATCGGAATGTACG-1",0.440177473355556,0.559822526644444,0,0,0,0,0,0,0
"219","ATTCCTAAGACGTGGA-1",0,0.607341756144518,0,0,0.392658243855482,0,0,0,0
"220","ATTCCTCCGCCAGTGC-1",0,0,0,0.0853659832072301,0.214760239989099,0,0.69987377680367,0,0
"221","ATTCGACGCCGGGCCT-1",0,1,0,0,0,0,0,0,0
"222","ATTCGTCCCGAGGTTA-1",0,1,0,0,0,0,0,0,0
"223","ATTCTTCGTACTTATG-1",0,0.264675954311903,0,0,0.735324045688097,0,0,0,0
"224","ATTGAATTCCCTGTAG-1",0.0227398130382493,0.905061667805642,0,0,0.0721985191561085,0,0,0,0
"225","ATTGACCGGCGATGAC-1",0,0,0,0.0773684958636419,0.540633772099414,0,0.381997732036944,0,0
"226","ATTGATGAGTCCTAAC-1",0.707883500506707,0.292116499493293,0,0,0,0,0,0,0
"227","ATTGTACAACTCGGCT-1",0.8039131037527,0.1960868962473,0,0,0,0,0,0,0
"228","ATTGTCGCAATACCTT-1",0,1,0,0,0,0,0,0,0
"229","ATTGTCTGTTTCATGT-1",0,1,0,0,0,0,0,0,0
"230","ATTTACAGTTTACTGG-1",0,1,0,0,0,0,0,0,0
"231","ATTTCATTATTTCGCG-1",0,0,0,0,1,0,0,0,0
"232","CAAACGGTCGCACTTT-1",0,0.721302881272246,0,0,0.278697118727754,0,0,0,0
"233","CAAACTACGATAGAGA-1",0,0.223435041604822,0,0.203525922386121,0.573039036009057,0,0,0,0
"234","CAAATTGGATTATGCC-1",0,0,0,0,0.702145615110458,0,0.297854384889542,0,0
"235","CAACACATCTCCTGCC-1",0.252833154455449,0.59352458265089,0,0,0.153642262893661,0,0,0,0
"236","CAACCTGAACCTGCCA-1",0,0,0,0,0.630554028588877,0,0.369445971411123,0,0
"237","CAACGATCGATCCAAT-1",0.392134371425574,0.607865628574426,0,0,0,0,0,0,0
"238","CAACTATATCGAATGC-1",0,0.354579538488069,0,0,0.645420461511931,0,0,0,0
"239","CAACTGCTCATCCGAT-1",0,0.374461777459512,0,0,0.625538222540488,0,0,0,0
"240","CAAGACTCAGAAGCGC-1",0,0,0,0,0.843613242732269,0,0.156386757267731,0,0
"241","CAAGCAACGTCGGAGT-1",0,1,0,0,0,0,0,0,0
"242","CAAGGTCCTATAGGCT-1",0.936435489875662,0.063564510124338,0,0,0,0,0,0,0
"243","CAAGTAAGTGATAGAC-1",0,1,0,0,0,0,0,0,0
"244","CAATCCCTATACCAGC-1",0.145948215805606,0.854051784194394,0,0,0,0,0,0,0
"245","CAATGAGGTTCGACTA-1",0.288086327112271,0.640039532198183,0,0,0.0718741406895466,0,0,0,0
"246","CAATGGAATCTACATA-1",0.00915588998593164,0.524400976099086,0,0,0.466443133914982,0,0,0,0
"247","CAATGGATCTCTACCA-1",0,0.636983063071761,0,0,0.363016936928239,0,0,0,0
"248","CAATGTGCCAACCCTT-1",0,0.456684551225216,0,0,0.543315448774784,0,0,0,0
"249","CACAAACCGCAGAACT-1",0,0,0,0.0748526464801494,0.748925792176462,0,0.176221561343389,0,0
"250","CACACGCGCTGTCTTA-1",0.110439212419264,0.546686331620178,0,0,0.342874455960558,0,0,0,0
"251","CACAGCACCCACGGCA-1",0.11576701744779,0.75543281166155,0,0,0.128800170890659,0,0,0,0
"252","CACATTCTTTCGATGG-1",0.508448603636897,0.491551396363103,0,0,0,0,0,0,0
"253","CACCCAAATCTTATGT-1",0.757597389217633,0.242402610782367,0,0,0,0,0,0,0
"254","CACCCACGAGGCAATT-1",0.132035092967169,0.785624660047818,0,0,0,0,0.0823402469850135,0,0
"255","CACCCGCGTTTGACAC-1",0,0,0,0,0.465560856482366,0,0.534439143517635,0,0
"256","CACCGATACACCGAGC-1",-3.70872872945175e-19,0.53198794474263,0,0,0.46801205525737,0,0,0,0
"257","CACCGATGATGGGTAC-1",0,0.670685422852321,0,0,0.329314577147679,0,0,0,0
"258","CACCGCGTCCACTCTA-1",0,1,0,0,0,0,0,0,0
"259","CACCTTGCGAAACTCG-1",0,0.555084524265932,0,0,0.444915475734068,0,0,0,0
"260","CACGCAGCGAGGCTTT-1",0.278361856443566,0.721638143556433,0,0,0,0,0,0,0
"261","CACGGCGCGCCAAAGG-1",0,1,0,0,0,0,0,0,0
"262","CACGGGATTGAGGGTT-1",0,0.473770315849918,0,0.0996750629984682,0.426554621151613,0,0,0,0
"263","CACTCCTCTCGGTCGG-1",0,1,0,0,0,0,0,0,0
"264","CACTCGGTTAGGAGGA-1",0,0,1,0,0,0,0,0,0
"265","CACTGACGATTGTGGA-1",0,0,0,0.114787847490111,0.885212152509889,0,0,0,0
"266","CAGACCTGTAAGTGTT-1",0.617176116833176,0.382823883166824,0,0,0,0,0,0,0
"267","CAGAGCGATGGATGCT-1",0.831557984711451,0.168442015288549,0,0,0,0,0,0,0
"268","CAGATACTAACATAGT-1",0,0,0,0.132714706499986,0.474766983917451,0,0.392518309582563,0,0
"269","CAGATCATTTAAAGTC-1",0,1,0,0,0,0,0,0,0
"270","CAGCCGGGCCCTCTAT-1",0,0.14530822574129,0,0,0.85469177425871,0,0,0,0
"271","CAGCCTCCTGCAGAGG-1",0,0,0,0,0.61087284107597,0,0.38912715892403,0,0
"272","CAGCCTCGATAGCGGT-1",0,0.751024501736264,0,0,0.248975498263736,0,0,0,0
"273","CAGCTCGACAAGTTAA-1",0,1,0,0,0,0,0,0,0
"274","CAGGAAGACTTTATAT-1",0.204411757223835,0.686417776210624,0,0,0.109170466565541,0,0,0,0
"275","CAGGCCGTTTGGGTGT-1",0,0.463400167587898,0,0.243112942777934,0.293486889634167,0,0,0,0
"276","CAGTAATCCCTCCCAG-1",0.22120674770672,0.77879325229328,0,0,0,0,0,0,0
"277","CAGTAGCCCACGCGGT-1",0.220043266325047,0.779956733674953,0,0,0,0,0,0,0
"278","CAGTGAATAAATGACT-1",0.0661116552692105,0.670233263740835,0,0,0.263655080989954,0,0,0,0
"279","CAGTTCGAGGACCCGA-1",0,0,0,0.178729170468512,0.821270829531487,0,0,0,0
"280","CATAACGGACAGTCGT-1",0,1,0,0,0,0,0,0,0
"281","CATACACGGTTCCCAC-1",0,1,0,0,0,0,0,0,0
"282","CATACCCGTACCCAGT-1",0,1,0,0,0,0,0,0,0
"283","CATACTTAGGCAATAC-1",0.149635156490328,0.781512366092723,0,0,0.0688524774169486,0,0,0,0
"284","CATACTTCTTTCTCCG-1",0.259197412627195,0.352568795080622,0,0,0.388233792292183,0,0,0,0
"285","CATAGTACATTGAGAG-1",0,0.124643802164834,0,0,0.875356197835166,0,0,0,0
"286","CATAGTGGGCACGCCT-1",0.531122376095172,0.468877623904829,0,0,0,0,0,0,0
"287","CATATACTACTGATAA-1",0.559992358841777,0.440007641158223,0,0,0,0,0,0,0
"288","CATCAACACCTACTAA-1",0,0,0,0,1,0,0,0,0
"289","CATCCCGAGATTCATA-1",0,0,0,0,0.805437790040234,0,0.194562209959766,0,0
"290","CATCCGCAGGCCCGAA-1",0,0.263743702014362,0,0,0.736256297985638,0,0,0,0
"291","CATCTGCAGGATCATT-1",0,0.405604067164657,0,0,0.594395932835343,0,0,0,0
"292","CATCTTACACCACCTC-1",0,1,0,0,0,0,0,0,0
"293","CATGACTTCGCTGAAT-1",0,0,0,0,1,0,0,0,0
"294","CATGATACGGTGAAAC-1",0.361998841628747,0.638001158371252,0,0,0,0,0,0,0
"295","CATGATCGCTTTGAGA-1",0.17688030263006,0.676928292009958,0,0,0.146191405359982,0,0,0,0
"296","CATGGCTCCCTATGTC-1",0,0,0,0,1,0,0,0,0
"297","CATGGGTCGGGTGTGG-1",0.0955143229283406,0.904485677071659,0,0,0,0,0,0,0
"298","CATTACATAGATTGTG-1",0,1,0,0,0,0,0,0,0
"299","CATTCCCATTCCGTCG-1",0,1,0,0,0,0,0,0,0
"300","CATTCGTCGTAGCGGT-1",0,0.547695873703304,0,0,0.452304126296696,0,0,0,0
"301","CATTGATGAACACGCC-1",0,0,0,0,1,0,0,0,0
"302","CATTGCGGGTCAATTC-1",0,1,0,0,0,0,0,0,0
"303","CATTTAGCGGACCATG-1",0,0.530531334665864,0,0,0.469468665334136,0,0,0,0
"304","CCAACGATGCACTGAT-1",0.141897776830919,0.858102223169081,0,0,0,0,0,0,0
"305","CCAACGCTTGCCAGGG-1",0,0,0,0,1,0,0,0,0
"306","CCAATAGTGCCGTCGA-1",0.00485627179638548,0.734417723099421,0,0,0.260726005104194,0,0,0,0
"307","CCAATCGGTAGATCGA-1",0,0.584736737482484,0,0.177058499577862,0.238204762939654,0,0,0,0
"308","CCACAATGTACGTCTT-1",0,0,0,0,0.626889489380644,0,0.373110510619356,0,0
"309","CCACCTGTATGGAATA-1",0,0,0,0,1,0,0,0,0
"310","CCACGAGAAGAGAATC-1",0,0.342683940938533,0,0,0.657316059061467,0,0,0,0
"311","CCACGGTGCCCGGTAG-1",0.923625835153501,0.0763741648464987,0,0,0,0,0,0,0
"312","CCACGTAAATTAGACT-1",0,0,0,0,0.858313338256253,0,0.141686661743747,0,0
"313","CCACTATCCGGGTCAC-1",0.278484529276668,0.721515470723332,0,0,0,0,0,0,0
"314","CCACTCAGATCCGCAA-1",0,0,0,0.109711965553426,0.570455302570108,0,0.319832731876466,0,0
"315","CCACTGGTGGCTGGTT-1",0,0,0,0,1,0,0,0,0
"316","CCAGAAACTGATGCGA-1",0,0,0,0,0.869780082856635,0,0.130219917143365,0,0
"317","CCAGATAGTTGAGTGA-1",0,0.673448391730037,0,0,0.326551608269963,0,0,0,0
"318","CCAGCTTCCGCCCGCA-1",0.951412365251723,0.0485876347482773,0,0,0,0,0,0,0
"319","CCAGTAGTCTGATCCA-1",0,1,0,0,0,0,0,0,0
"320","CCAGTCTAGACGGCGC-1",0,0.835725884039909,0,0,0.164274115960091,0,0,0,0
"321","CCAGTCTTGTCATAGA-1",0,1,0,0,0,0,0,0,0
"322","CCATAAACAACCCGAC-1",0,0,0,0,1,0,0,0,0
"323","CCATACCTTTACTTGT-1",0.214904319655585,0.557461389230893,0,0,0,0,0.227634291113522,0,0
"324","CCATCTCACCAGTGAA-1",0.0949776466852938,0.905022353314706,0,0,0,0,0,0,0
"325","CCATGGCCCTTGTACC-1",0.355233081180013,0.644766918819987,0,0,0,0,0,0,0
"326","CCATTAGCGATAATCC-1",0.0072740136348914,0.891094872306578,0,0,0.10163111405853,0,0,0,0
"327","CCATTCCCTGCCCACA-1",0,1,0,0,0,0,0,0,0
"328","CCATTGTTTCCTCCAT-1",0,0,0,0,0.709256614974644,0,0.290743385025356,0,0
"329","CCCAAACATGCTGCTC-1",0.104313074242961,0.708658477164728,0,0,0.187028448592311,0,0,0,0
"330","CCCAATTTCACAACTT-1",0,1,0,0,0,0,0,0,0
"331","CCCAGAGGAGGGCGTA-1",0.627825705534083,0.372174294465917,0,0,0,0,0,0,0
"332","CCCATATAGGTCGATT-1",0,0.781012234248356,0,0,0.218987765751644,0,0,0,0
"333","CCCATTATTGTATCCT-1",0,0.923011905106834,0,0,0.0769880948931657,0,0,0,0
"334","CCCGCAAATAATCATC-1",0.495928342409011,0.504071657590989,0,0,0,0,0,0,0
"335","CCCGCGCAATGCACCC-1",0,1,0,0,0,0,0,0,0
"336","CCCGGGTCGTTCAGGG-1",0.689754951514756,0.310245048485244,0,0,0,0,0,0,0
"337","CCCGTAAGTCTAGGCC-1",0,0.319932842669484,0,0,0.680067157330516,0,0,0,0
"338","CCCTAGCTCTAAGGTC-1",0.356685689701995,0.643314310298005,0,0,0,0,0,0,0
"339","CCCTCAAGCTCTTAGT-1",0.0439463163224867,0.956053683677513,0,0,0,0,0,0,0
"340","CCCTGAAATGAGTTGA-1",0,1,0,0,0,0,0,0,0
"341","CCCTGCGCTACGCATA-1",0,1,0,0,0,0,0,0,0
"342","CCGAAGGGCGTACCGC-1",0,0,0,0,0.753995937100018,0,0.246004062899982,0,0
"343","CCGAAGTATATTGTTC-1",0.652178333818682,0.347821666181318,0,0,0,0,0,0,0
"344","CCGACAAACACATGAG-1",0,1,0,0,0,0,0,0,0
"345","CCGACAAAGGGAGTGC-1",0,1,0,0,0,0,0,0,0
"346","CCGACGTAAACACAAC-1",0,1,0,0,0,0,0,0,0
"347","CCGAGCTGTGCTTGTC-1",0,0.579943739490301,0,0,0.316323568610723,0,0.103732691898976,0,0
"348","CCGATCTCAACCTTAT-1",0,1,0,0,0,0,0,0,0
"349","CCGATTCGAGGGACCC-1",0.120376421607039,0,0,0,0.879623578392961,0,0,0,0
"350","CCGCCTGCGAATTGGT-1",0.478816306625826,0.382698873259799,0,0,0,0,0.138484820114375,0,0
"351","CCGCTTGCTGACATGG-1",0.288724639881955,0.711275360118045,0,0,0,0,0,0,0
"352","CCGGAATGGTTTCAGT-1",0.220456150582351,0.779543849417649,0,0,0,0,0,0,0
"353","CCGGAGCGTACTTTCT-1",0,0.353619760799557,0,0,0.646380239200443,0,0,0,0
"354","CCGGCACGACCGTTTC-1",1,0,0,0,0,0,0,0,0
"355","CCGGGTTCGAGGTTAC-1",0,1,0,0,0,0,0,0,0
"356","CCGGTAATGGCTAGTC-1",0,0,0,0.0936998324234984,0.784344433246835,0,0.121955734329667,0,0
"357","CCGTATTAGCGCAGTT-1",0,0,0,0.110130047869014,0.770184245255318,0,0.119685706875667,0,0
"358","CCGTGAGGCATTCATG-1",0,0,0,0,1,0,0,0,0
"359","CCGTTACGTTAGAACA-1",0,1,0,0,0,0,0,0,0
"360","CCGTTCCGAATCTCGG-1",0,0.610699268843161,0,0.252196083387627,0.137104647769212,0,0,0,0
"361","CCTAAAGGCTGACGCT-1",0,0.498652121461525,0,0.12961045839871,0.371737420139765,0,0,0,0
"362","CCTAACTAAGGCTCTA-1",0.293309843555952,0.559582397088377,0,0,0,0,0.14710775935567,0,0
"363","CCTACTCAACACGATT-1",0,0,0,0,0.762497739252173,0,0.237502260747827,0,0
"364","CCTATATTTGTCCTGG-1",0,0.0928817120548249,0,0,0.907118287945175,0,0,0,0
"365","CCTATCTATATCGGAA-1",0,0.473013744461366,0,0,0.526986255538634,0,0,0,0
"366","CCTATGAAGTGGTGCC-1",0,1,0,0,0,0,0,0,0
"367","CCTCGCGCTGTGCGAT-1",0,0.491659230287764,0,0,0.508340769712236,0,0,0,0
"368","CCTCTGGCCTAGACGG-1",0,0,0,0,0.813155802197889,0,0.186844197802111,0,0
"369","CCTGACAAACTCGCGC-1",0,0.776485379861151,0,0,0.223514620138849,0,0,0,0
"370","CCTGCGTTCTACGCTT-1",0,0.269651482116177,0,0,0.730348517883823,0,0,0,0
"371","CCTGGCTAGACCCGCC-1",0.058494766557303,0.655210156375277,0,0.0770474301085098,0,0,0.20924764695891,0,0
"372","CCTGTAAGACATGATA-1",0,0.611074611713799,0,0,0.388925388286201,0,0,0,0
"373","CCTGTACTCACGCCCA-1",0,0.194053359942915,0,0.214615773325133,0.591330866731952,0,0,0,0
"374","CCTGTCCCTCACGTTA-1",0.15150055478899,0.84849944521101,0,0,0,0,0,0,0
"375","CCTTGTGAACGTGGTT-1",0,0,0,0.0654945330133274,0.81146728942363,0,0.123038177563042,0,0
"376","CCTTTAAGGGAGCACT-1",0,0,0,0,0.339185853673789,0,0.660814146326211,0,0
"377","CCTTTCAATGAAGAAA-1",0.302425749625283,0.580331009657606,0,0,0,0,0.11724324071711,0,0
"378","CGAAACGCAATTCATG-1",0,0.130395008273713,0,0.302297358152778,0.567307633573509,0,0,0,0
"379","CGAAGCTATAAATTCA-1",0,1,0,0,0,0,0,0,0
"380","CGAATGACGCATAATG-1",0.4538337554714,0.5461662445286,0,0,0,0,0,0,0
"381","CGAATTCCCGGTTCAA-1",0.778065964143447,0.221934035856553,0,0,0,0,0,0,0
"382","CGACTCAGGATGTTAT-1",0,1,0,0,0,0,0,0,0
"383","CGACTTTGTATAGCCT-1",1,0,0,0,0,0,0,0,0
"384","CGAGCACTTCAAGTTT-1",0.262996379673619,0.737003620326381,0,0,0,0,0,0,0
"385","CGAGGAGCTTCCATAT-1",0,0,0,0,0.847631519997098,0,0.152368480002902,0,0
"386","CGAGGATCGGGAACGA-1",0.14794469705225,0.85205530294775,0,0,0,0,0,0,0
"387","CGAGTTCTGTCCCACC-1",0,0.747635485476192,0,0,0.252364514523808,0,0,0,0
"388","CGAGTTTATCGGACTG-1",0.218725651918113,0.64644420078422,0,0,0.134830147297666,0,0,0,0
"389","CGATCCACCATTGTTG-1",0,1,0,0,0,0,0,0,0
"390","CGCAAACACGAGTTAC-1",0,0.403390491921061,0,0,0.596609508078939,0,0,0,0
"391","CGCAATTACTTTCGGT-1",0.0637394928064975,0.431363414722315,0,0,0.504897092471188,0,0,0,0
"392","CGCAATTAGGGTAATA-1",0,0,0,0.0870323573501727,0.737325754754366,0,0.175641887895461,0,0
"393","CGCACGTGCGCTATCA-1",0,0,0,0.0628105509111146,0.937189449088885,0,0,0,0
"394","CGCAGATCTTCACCCG-1",0,1,0,0,0,0,0,0,0
"395","CGCATCCATCAGCCAG-1",0,1,0,0,0,0,0,0,0
"396","CGCCATCCGATTATGA-1",0.0843572479043805,0.733068423426415,0,0,0.182574328669205,0,0,0,0
"397","CGCCCAGCACGCCTAG-1",0,0,0,0,0.448859221021895,0,0.551140778978105,0,0
"398","CGCCCGCTTCCGTACA-1",0,0.644708100768877,0,0.0789635914122969,0.276328307818826,0,0,0,0
"399","CGCGAGAGGGACTTGT-1",0,0.314656927348572,0,0,0.685343072651428,0,0,0,0
"400","CGCGCCCGACTTAATA-1",0,0,0,0,0.359479952888048,0,0.640520047111952,0,0
"401","CGCGGTAAGTCTAGCT-1",0,1,0,0,0,0,0,0,0
"402","CGCGGTCACAAACCAA-1",0,1,0,0,0,0,0,0,0
"403","CGCTAGAGACCGCTGC-1",0.222957811801575,0.656707763369959,0,0,0.120334424828466,0,0,0,0
"404","CGCTCTCCGTAGATTA-1",0.237671336263844,0.698938447701742,0,0,0,0,0.0633902160344144,0,0
"405","CGCTGTGACGCCGCAC-1",0,0,0,0.061050697518264,0.60692970670789,0,0.197037516493083,0,0.134982079280764
"406","CGCTTAGTATTGATAC-1",0,0.471296680863469,0,0,0.528703319136531,0,0,0,0
"407","CGCTTGGACGGATAGA-1",0.202836455981573,0.679661498521983,0,0,0.117502045496445,0,0,0,0
"408","CGCTTTCCGCCAAGGT-1",0.181802731833128,0.818197268166872,0,0,0,0,0,0,0
"409","CGCTTTCTTGCATTCG-1",0,0.713275836014406,0,0,0.286724163985594,0,0,0,0
"410","CGGAAAGCAAATGTGC-1",0,1,0,0,0,0,0,0,0
"411","CGGAGCTTATAACACC-1",0,0.102568135226665,0,0.083445658047222,0.813986206726113,0,0,0,0
"412","CGGAGTTTGAGAGACA-1",0.217284445973252,0.642208966955698,0,0,0,0,0.14050658707105,0,0
"413","CGGATAAGCGGACATG-1",0.728410469618934,0.271589530381066,0,0,0,0,0,0,0
"414","CGGCACCGTTAGCGCC-1",0.29067468881295,0.70932531118705,0,0,0,0,0,0,0
"415","CGGCAGGGTCGGGTTG-1",0.602254776173715,0.397745223826285,0,0,0,0,0,0,0
"416","CGGCCAGAGCGACCAT-1",0,0,0,0.111733173253858,0.888266826746142,0,0,0,0
"417","CGGCCCAACCTGTAGT-1",0.426335903049198,0.573664096950802,0,0,0,0,0,0,0
"418","CGGGTGTACCCATTTA-1",0.370016649046625,0.629983350953375,0,0,0,0,0,0,0
"419","CGGTAGAGGTGCAGGT-1",0.274513805353392,0.725486194646608,0,0,0,0,0,0,0
"420","CGGTATAGGTATTAGC-1",0,0.446585067021462,0,0,0.553414932978538,0,0,0,0
"421","CGGTATGGGCACTCTG-1",0.645291484008164,0.354708515991836,0,0,0,0,0,0,0
"422","CGGTCCGTCGCAAGCC-1",0,0,0,0.084630767023786,0.915369232976214,0,0,0,0
"423","CGGTCTATCAACCCGT-1",0,0.62304120934087,0,0,0.37695879065913,0,0,0,0
"424","CGGTGAAGACTAAAGT-1",0,1,0,0,0,0,0,0,0
"425","CGGTGCAGATAGAACG-1",0,0.678950607040228,0,0,0.321049392959772,0,0,0,0
"426","CGGTGGGCTCCAGCCT-1",0.413926832650598,0.586073167349402,0,0,0,0,0,0,0
"427","CGGTTATCCAACAGTG-1",0.818033180120343,0.181966819879657,0,0,0,0,0,0,0
"428","CGTAAATAACAAAGGG-1",0.850733365858593,0.149266634141407,0,0,0,0,0,0,0
"429","CGTAACTTCGACACTT-1",0,0,0,0,1,0,0,0,0
"430","CGTAATATGGCCCTTG-1",0,0,0,0,0.826663877792132,0,0.173336122207868,0,0
"431","CGTATCTAGAACTAAG-1",0,1,0,0,0,0,0,0,0
"432","CGTCAAGGCTATAAAT-1",0,1,0,0,0,0,0,0,0
"433","CGTCAGCTATTTACTC-1",0,1,0,0,0,0,0,0,0
"434","CGTCATACCATATCCA-1",1,0,0,0,0,0,0,0,0
"435","CGTCGCATGTGAGCCA-1",0,0,0,0.0729414342812787,0.256442796345613,0,0.670615769373108,0,0
"436","CGTCGGATAGTGTTGA-1",0.492914141655928,0.507085858344072,0,0,0,0,0,0,0
"437","CGTGACATTGGGTCGT-1",-3.63573804614612e-18,0.585123313485843,0,0,0.414876686514157,0,0,0,0
"438","CGTGACCAGTCCTCTG-1",0,1,0,0,0,0,0,0,0
"439","CGTGCATTGTCGACGC-1",0,1,0,0,0,0,0,0,0
"440","CGTGTCCCATTCGCGA-1",0,0.721996661685647,0,0,0.278003338314353,0,0,0,0
"441","CGTGTGTTAAACCCTG-1",0.584386421554143,0.415613578445858,0,0,0,0,0,0,0
"442","CGTTAAATACGACCAG-1",0,0,0,0,0.824516610412859,0,0.175483389587141,0,0
"443","CGTTCTTCGCACACCT-1",0,0.819536347065555,0,0,0.180463652934445,0,0,0,0
"444","CGTTGAGTAATTGCGT-1",0,0.469171719110742,0,0.109008944111294,0.421819336777964,0,0,0,0
"445","CGTTGTTTCAATTCCC-1",0,1,0,0,0,0,0,0,0
"446","CGTTTACAAGGCAGCT-1",0,0,0,0,0.8412480573632,0,0.1587519426368,0,0
"447","CGTTTCGGTTATATGC-1",0,0,0,0.0899347691946997,0.618680561680554,0,0.291384669124746,0,0
"448","CGTTTGGTGTTGTGGG-1",0,0,0,0,1,0,0,0,0
"449","CTAAATCCTATTCCGG-1",0,0.580605728674384,0,0,0.419394271325616,0,0,0,0
"450","CTAACCGCGCGCCCGT-1",0.244350989556665,0.755649010443335,0,0,0,0,0,0,0
"451","CTAACGAAACTTGCTG-1",0.419147313340333,0.580852686659667,0,0,0,0,0,0,0
"452","CTAATTCGCACGCGCT-1",0.123579815235074,0.876420184764926,0,0,0,0,0,0,0
"453","CTAATTTCAACAACAC-1",0,1,0,0,0,0,0,0,0
"454","CTACCCTAAGGTCATA-1",0,1,0,0,0,0,0,0,0
"455","CTACGACTAGCTATAA-1",0,0.284694271688075,0,0.0690495069589468,0.646256221352978,0,0,0,0
"456","CTACTATCTTTCAGAG-1",0.394215445851095,0.605784554148905,0,0,0,0,0,0,0
"457","CTAGACTGCATTTCGT-1",0,0.507538667417128,0,0.138693424845329,0.353767907737543,0,0,0,0
"458","CTAGATGTGAGTGTAA-1",0.688308723029227,0.311691276970773,0,0,0,0,0,0,0
"459","CTAGGTCTGAAGGAAT-1",0.378697261004663,0.621302738995337,0,0,0,0,0,0,0
"460","CTAGTATTCGGAATTA-1",0,0,0,0,1,0,0,0,0
"461","CTAGTGAAGGACAGGA-1",0.129824302484436,0.870175697515564,0,0,0,0,0,0,0
"462","CTATTGTGTTTGGTCA-1",0.22445369760238,0.668317042824697,0,0,0.107229259572922,0,0,0,0
"463","CTCAAGACATTAGCGC-1",0,1,0,0,0,0,0,0,0
"464","CTCACATTTACTAAAT-1",0.530948095800405,0.469051904199595,0,0,0,0,0,0,0
"465","CTCACTGTGATACTTA-1",0.187384708563557,0.471294916199428,0,0,0,0,0.341320375237015,0,0
"466","CTCATCACTTAGTGAT-1",0,0,0,0,0.72249645225437,0,0.27750354774563,0,0
"467","CTCCTCCAGCTCACAC-1",0,0,0,0.217839155149385,0.782160844850615,0,0,0,0
"468","CTCCTTTACGCAAGTC-1",0.162656214168019,0.837343785831981,0,0,0,0,0,0,0
"469","CTCGCCGAATGTAGGG-1",0.35878063922625,0.64121936077375,0,0,0,0,0,0,0
"470","CTCGGGATAACACCTA-1",0,0.430060974165377,0,0.0816907495856465,0.488248276248976,0,0,0,0
"471","CTCGTCTGTGCCTTCG-1",0,0,0,0.189335580937014,0.7129023112931,0,0.0977621077698864,0,0
"472","CTCTAATGCATTGATC-1",0.259833543876364,0.740166456123636,0,0,0,0,0,0,0
"473","CTCTCGCTGTACTATG-1",0,1,0,0,0,0,0,0,0
"474","CTGAATTTATTGCCAG-1",0.519306846343886,0.480693153656114,0,0,0,0,0,0,0
"475","CTGAGAGTAGAAATAC-1",0,1,0,0,0,0,0,0,0
"476","CTGAGCGAGACTTATT-1",0,0,0,0,0.545614337659,0,0.454385662341,0,0
"477","CTGATAGTGTATCTCA-1",0.674881446522231,0.261346574752263,0,0,0.0637719787255061,0,0,0,0
"478","CTGCACCTAGTCCACA-1",0,1,0,0,0,0,0,0,0
"479","CTGCAGGGTGACGCTC-1",0,0,0,0,0.827498357750677,0,0.172501642249323,0,0
"480","CTGCCAAGGTTGGAAG-1",0,0,0,0.358445660538427,0.474785913980989,0,0.166768425480584,0,0
"481","CTGCCTCATATGCAAC-1",0,0.767101201650117,0,0,0.232898798349883,0,0,0,0
"482","CTGCGGTAGTCACGTG-1",0,1,0,0,0,0,0,0,0
"483","CTGCTCTCAACACACC-1",0,1,0,0,0,0,0,0,0
"484","CTGCTTTATGTCCGCG-1",0,0,0,0,0.817180261073011,0,0.182819738926989,0,0
"485","CTGGCGACATAAGTCC-1",0,0.525598686641943,0,0.113304933743029,0.361096379615029,0,0,0,0
"486","CTGGCGGGAATAAGTA-1",0.484750573149901,0.515249426850099,0,0,0,0,0,0,0
"487","CTGGGATACGCTACCC-1",0,0,0,0.112420300602253,0.754976078065996,0,0.132603621331751,0,0
"488","CTGGTAACGAGCTCTT-1",0.665448370228225,0.334551629771775,0,0,0,0,0,0,0
"489","CTGTATGGTGTAGAAA-1",0.219972188860854,0.780027811139146,0,0,0,0,0,0,0
"490","CTGTCAAATGGCTCGG-1",0,0.763509455022433,0,0,0.236490544977567,0,0,0,0
"491","CTGTCACGCCAGGCGC-1",0,0.451765077311353,0,0,0.548234922688647,0,0,0,0
"492","CTGTTGGCTCTTCTGA-1",0,0.241714398514597,0,0.0917151481873333,0.666570453298069,0,0,0,0
"493","CTTAAATAAGACCCAT-1",0.490678009975113,0.509321990024887,0,0,0,0,0,0,0
"494","CTTAACTTACAGTATA-1",0,0,0,0,0.840865095655792,0,0.159134904344209,0,0
"495","CTTACACGGTATTCCA-1",0,0.705126974321169,0,0,0.294873025678831,0,0,0,0
"496","CTTACTGACTCCTCTG-1",0.649754009194928,0.350245990805072,0,0,0,0,0,0,0
"497","CTTAGCCCGGATAGTG-1",0,1,0,0,0,0,0,0,0
"498","CTTCGTAGATAGGTGA-1",0,0.693602828714568,0,0.0663415765232433,0.240055594762189,0,0,0,0
"499","CTTGGCCAAGCTGGGA-1",0,1,0,0,0,0,0,0,0
"500","CTTTGGCGCTTTATAC-1",0,1,0,0,0,0,0,0,0
"501","CTTTGGCTTTAGTAAA-1",0,0.773178803016325,0,0,0.226821196983675,0,0,0,0
"502","GAAACCTATACAAATG-1",0,0,0,0.595842512257238,0.404157487742762,0,0,0,0
"503","GAAAGAACAGCGTTAT-1",0.15224851767265,0.84775148232735,0,0,0,0,0,0,0
"504","GAAAGCAGTGCACTTT-1",0,0.508191006628018,0,0,0.167660309711082,0,0.3241486836609,0,0
"505","GAAAGCCCTTTGGACC-1",0,0.853474578957464,0,0,0.146525421042536,0,0,0,0
"506","GAAATACTAAACGTTT-1",0.0995940256502661,0.900405974349734,0,0,0,0,0,0,0
"507","GAAATATCACCATCAG-1",0.0862715699682148,0.913728430031785,0,0,0,0,0,0,0
"508","GAAATATGCTTGAATG-1",0,0.425562439712254,0,0,0.574437560287746,0,0,0,0
"509","GAAATCTGACCAAGTT-1",0,0,0,0.209545779270658,0.790454220729342,0,0,0,0
"510","GAACGATAAGTTAAAG-1",0,0,0,0,0.746370218865901,0,0.253629781134099,0,0
"511","GAACGTCTCATGGTCG-1",0,0.604371772889903,0,0,0.395628227110097,0,0,0,0
"512","GAACGTTAGGAAGACG-1",0,0.463109223095716,0,0.140268093311057,0.396622683593227,0,0,0,0
"513","GAACGTTTGTATCCAC-1",0.155951301160429,0.627264541758767,0,0,0.216784157080804,0,0,0,0
"514","GAAGCCGGGTAAGCTC-1",0,0.163587676147813,0,0.082269834754145,0.754142489098042,0,0,0,0
"515","GAAGCTTGCTGACCGC-1",0.0694947720719783,0.930505227928022,0,0,0,0,0,0,0
"516","GAAGGCTACCATTGTT-1",0,0,0,0,1,0,0,0,0
"517","GAAGGGTCATTAAGAC-1",0,0,0,0.0699853466386827,0.536582167557953,0,0.393432485803364,0,0
"518","GAAGTTTCCACTCAAT-1",0,0,0,0.0899403100894338,0.538703706046088,0,0.371355983864478,0,0
"519","GAATAGCCCTGCGGTC-1",0,0,0,0,0.369907694594443,0,0.630092305405557,0,0
"520","GAATATTCGGAGTCCC-1",0,0.560973238672862,0,0.0923954535589268,0.346631307768211,0,0,0,0
"521","GAATCGACATGGTCAC-1",0,0.250781472329623,0,0.124764000579834,0.624454527090543,0,0,0,0
"522","GAATGCGAATCGGTTC-1",0.759576570466753,0.240423429533247,0,0,0,0,0,0,0
"523","GACAAGACGCCCGTGC-1",0.530770155340512,0.469229844659488,0,0,0,0,0,0,0
"524","GACATCCGTCGAACTG-1",0.481117536525679,0.518882463474321,0,0,0,0,0,0,0
"525","GACCACACTTCCCTTT-1",0,0,0,0.1862140604633,0.476813484690408,0,0.336972454846292,0,0
"526","GACCGACGTGAAAGCA-1",0,0.166907997297272,0,0,0.833092002702728,0,0,0,0
"527","GACCGACTGAAGCGTC-1",0,1,0,0,0,0,0,0,0
"528","GACCGTCAGGTCGTGA-1",0,0.279432650803389,0,0,0.720567349196611,0,0,0,0
"529","GACCTTCCACGTCTAC-1",0,0,0,0.0852888345750219,0.374499335929438,0,0.54021182949554,0,0
"530","GACGCTTGCTTCTAAA-1",0,1,0,0,0,0,0,0,0
"531","GACGGGTTGGCCCGTA-1",0,0,0,0.199636115836971,0.608486597436188,0,0.191877286726841,0,0
"532","GACGGTCAATAGAAGC-1",0.485211321414823,0.514788678585177,0,0,0,0,0,0,0
"533","GACGTTCGTAAATACA-1",0,0.525267440167679,0,0,0.474732559832321,0,0,0,0
"534","GACTAACACAGCACCT-1",0,0.657300231347763,0,0,0.268202945744136,0.0744968229081003,0,0,0
"535","GACTAAGTAGGCTCAC-1",0,0.518674009964713,0,0,0.481325990035287,0,0,0,0
"536","GACTAGGCCGTTAGGT-1",0,0,0,0,0.765782017294203,0,0.234217982705797,0,0
"537","GACTCACCCACGTGAG-1",0,1,0,0,0,0,0,0,0
"538","GACTCCCAGAATAAGG-1",0.344029816635523,0.655970183364477,0,0,0,0,0,0,0
"539","GACTCGCGGGAATGAC-1",0.865729869818018,0.134270130181982,0,0,0,0,0,0,0
"540","GACTCTAGAGTTCCAA-1",0.776874316885498,0.223125683114502,0,0,0,0,0,0,0
"541","GAGAAACTGGATCCCA-1",0.808892162054465,0.191107837945535,0,0,0,0,0,0,0
"542","GAGAATCTCACGATCA-1",0,0.375021566432327,0,0.299925636616864,0.325052796950809,0,0,0,0
"543","GAGAGCGCAGTCCCTG-1",0,0.535821533776359,0,0,0.464178466223641,0,0,0,0
"544","GAGAGGCCTATGTGTA-1",0,0.743632187183399,0,0,0.256367812816601,0,0,0,0
"545","GAGAGGGCGCGAGGTT-1",0,0.655901913566509,0,0,0.344098086433491,0,0,0,0
"546","GAGATGACAATCCTTA-1",0,0,0,0,0.86337819027489,0,0.13662180972511,0,0
"547","GAGATGGCTTTAATCA-1",0,0,0,0.174831447325567,0.406702064506579,0,0.418466488167854,0,0
"548","GAGCGGAATGCGGTGT-1",0,0,0,0,1,0,0,0,0
"549","GAGCTGTCGTCTCGGA-1",0,1,0,0,0,0,0,0,0
"550","GAGGCTATCAAAGTCG-1",0.450754938111302,0.549245061888698,0,0,0,0,0,0,0
"551","GAGGGCGCAGCTCTGC-1",0,1,0,0,0,0,0,0,0
"552","GAGTAAATTAAGAACC-1",0.860798125816873,0.139201874183127,0,0,0,0,0,0,0
"553","GAGTATGCGCGTGCAT-1",0.625016030137023,0.374983969862978,0,0,0,0,0,0,0
"554","GAGTCGACAGACCCTC-1",0,0.368654171032512,0,0.0842733941801251,0.547072434787363,0,0,0,0
"555","GATAGAACCCGCTAGG-1",0.338152114433556,0.661847885566444,0,0,0,0,0,0,0
"556","GATATGCGGTAGCCAA-1",0.431982408961673,0.568017591038327,1.91751496021771e-19,0,0,0,0,0,0
"557","GATATTGAGATTGGCG-1",0.814523090859364,0.185476909140636,0,0,0,0,0,0,0
"558","GATATTTCCTACATGG-1",0.40739367559992,0.59260632440008,0,0,0,0,0,0,0
"559","GATCCTAAATCGGGAC-1",0.67905410386986,0.32094589613014,0,0,0,0,0,0,0
"560","GATCTGCTATCTAAGG-1",0.226869808192716,0.773130191807284,0,0,0,0,0,0,0
"561","GATCTTCATTGTCCTC-1",0.724448815338056,0.166899550469469,0,0,0,0,0.108651634192475,0,0
"562","GATCTTTGCAGGGTAT-1",0.230454370850827,0.769545629149173,0,0,0,0,0,0,0
"563","GATGACGATGATCGCG-1",0,0,0,0.14938709327855,0.448681147939624,0,0.273310960485743,0,0.128620798296083
"564","GATGCGAATGGTATTA-1",0.209337987499805,0.790662012500195,0,0,0,0,0,0,0
"565","GATGCTACCTTCGATG-1",1,0,0,0,0,0,0,0,0
"566","GATTACTGAATTTGGG-1",0,0.599755995882368,0,0,0.400244004117632,0,0,0,0
"567","GATTCCGCGTTTCCGT-1",0,0.482241576572967,0,0,0.517758423427033,0,0,0,0
"568","GATTGGGAAAGGTTGT-1",0,0,0,0.130623021612175,0.460196044582661,0,0.409180933805164,0,0
"569","GATTTGCGCTAACACC-1",0,0.299793266989495,0,0.177661148530617,0.522545584479888,0,0,0,0
"570","GCAAATATTACGCTTT-1",0.174253471104318,0.825746528895682,0,0,0,0,0,0,0
"571","GCAAGTGCACAGAGAA-1",0,0,0,0,0.632146757298337,0,0.367853242701663,0,0
"572","GCAATTAGTCGCACCG-1",0,0,0,0.0991057938989182,0.546537744895562,0,0.35435646120552,0,0
"573","GCACAAGTGGATCATA-1",0,0.518972931801645,0,0.209670497833312,0.271356570365043,0,0,0,0
"574","GCACCTTCCCGAAGGT-1",0,1,0,0,0,0,0,0,0
"575","GCACGCCGATTCCCGC-1",0,0,0,0,0.791539390279845,0,0.208460609720155,0,0
"576","GCAGACCCAGCACGTA-1",0,0.471789989224529,0,0.141104015438659,0.387105995336812,0,0,0,0
"577","GCAGCACACAGCCCAG-1",0.143829760899577,0.772025987943271,0,0,0.0841442511571517,0,0,0,0
"578","GCAGCCTATATCACAT-1",0,1,0,0,0,0,0,0,0
"579","GCAGGACTATAGAATA-1",0.321490591109793,0.589731996977278,0,0,0,0,0.088777411912929,0,0
"580","GCATACGAGGTCTTTA-1",0,0.398784426992334,0.498118854688601,0,0,0,0.103096718319065,0,0
"581","GCATGACACAAAGGAA-1",0.371629575673403,0.628370424326597,0,0,0,0,0,0,0
"582","GCATGAGGGACGCGGC-1",0,1,0,0,0,0,0,0,0
"583","GCATTCGAAATGAACA-1",0.425313689323447,0.574686310676553,0,0,0,0,0,0,0
"584","GCATTTCCAAGGCTCC-1",0.955571274234544,0.0444287257654557,0,0,0,0,0,0,0
"585","GCCAGGAGTAACCGAT-1",0.038038565350646,0.961961434649354,0,0,0,0,0,0,0
"586","GCCAGGCGTTCGCATG-1",0,0.477506517695627,0,0.16141733045206,0.361076151852312,0,0,0,0
"587","GCCATATTGCACACAG-1",0.0918655974426542,0.908134402557346,0,0,0,0,0,0,0
"588","GCCCAGTTGGTATGCC-1",0,0,0,0,0.271928535757421,0,0.728071464242579,0,0
"589","GCCCGTCAAGCCCAAT-1",0,1,0,0,0,0,0,0,0
"590","GCCCTGAGGATGGGCT-1",0,0,0,0,1,0,0,0,0
"591","GCCGCTTGTGAGAAAC-1",0.0986397504491967,0.901360249550803,0,0,0,0,0,0,0
"592","GCCGGTCGTATCTCTC-1",0.0530577233712203,0.94694227662878,0,0,0,0,0,0,0
"593","GCCTATAGTGTCAGGG-1",0,1,0,0,0,0,0,0,0
"594","GCCTATGCTGGGCCTT-1",0,0,0,0,1,0,0,0,0
"595","GCCTATTCCGATATAG-1",0.138719986733518,0.861280013266482,0,0,0,0,0,0,0
"596","GCCTTGTATATGCAGT-1",0.372469246063565,0.627530753936435,0,0,0,0,0,0,0
"597","GCGACATGTAAACATC-1",0,1,0,0,0,0,0,0,0
"598","GCGAGAGGCCATGTAA-1",0,0,0,0,1,0,0,0,0
"599","GCGAGAGTTGCGTCCA-1",0.512022894880418,0.487977105119582,0,0,0,0,0,0,0
"600","GCGAGCGCATGCTCCC-1",0.150080099026785,0.849919900973215,0,0,0,0,0,0,0
"601","GCGAGGCCCGAGCAGA-1",0,0,0,0,0.84975182825044,0,0.15024817174956,0,0
"602","GCGCATCCAGTCAGCA-1",0.594808112082451,0.405191887917549,0,0,0,0,0,0,0
"603","GCGCGGTCTAGTAACT-1",0.499999650250033,0.23663782186757,0,0.0568841946343653,0,0,0.206478333248031,0,0
"604","GCGCTGATCCAGACTC-1",0,1,0,0,0,0,0,0,0
"605","GCGCTGCTTTGCATTT-1",0.570945857826193,0.429054142173807,0,0,0,0,0,0,0
"606","GCGGCTCTGACGTACC-1",0,1,0,0,0,0,0,0,0
"607","GCGGCTTTAGCAAGTT-1",0,0,0,0.492006104010879,0.27862877354364,0,0.229365122445481,0,0
"608","GCGGGCATTACGATGC-1",0,1,0,0,0,0,0,0,0
"609","GCGGTCTTGCTTTCAC-1",0,0,0,0.0993508822667967,0.392669077244432,0,0.507980040488771,0,0
"610","GCGGTGCGGAGCATCG-1",0,1,0,0,0,0,0,0,0
"611","GCGTAAATGGCCATAA-1",0.860997769895129,0.139002230104872,0,0,0,0,0,0,0
"612","GCGTGGTACTGGGTTA-1",0,1,0,0,0,0,0,0,0
"613","GCGTTATATTTGGAAC-1",0.367930188328685,0.509385524971353,0,0,0.122684286699962,0,0,0,0
"614","GCGTTCGGAGACCGGG-1",0,1,0,0,0,0,0,0,0
"615","GCTAAGTAAAGGCGAT-1",0.644729094736661,0.355270905263339,8.7726743229857e-19,0,0,0,0,0,0
"616","GCTAGCAGGGAGTGGG-1",0.167827611893543,0.832172388106457,0,0,0,0,0,0,0
"617","GCTATCGCGGCGCAAC-1",0,1,0,0,0,0,0,0,0
"618","GCTCAACCTCTTAGAG-1",0,1,0,0,0,0,0,0,0
"619","GCTCCATGCAAAGCAA-1",0,1,0,0,0,0,0,0,0
"620","GCTCGGAATTTAAAGC-1",0,0.781283497616314,0,0,0.218716502383686,0,0,0,0
"621","GCTCTATGTTACGTGC-1",0,0.671323796097239,0,0,0.328676203902761,0,0,0,0
"622","GCTCTTTCCGCTAGTG-1",0,1,0,0,0,0,0,0,0
"623","GCTGAGCAACGGTTCT-1",0.41472447682213,0.58527552317787,0,0,0,0,0,0,0
"624","GCTGCGCCTCCCACGT-1",0,0.150674437727107,0,0.235809882890787,0.613515679382106,0,0,0,0
"625","GCTGCTAAGTAGTCGA-1",0,0.617130504407042,0,0,0.382869495592958,0,0,0,0
"626","GCTGGCAGGTGCCGTG-1",0,0.36000231857593,0,0.63999768142407,0,0,0,0,0
"627","GCTTACGTAGTTAGTA-1",0.294380150074186,0.705619849925814,0,0,0,0,0,0,0
"628","GCTTATGAAGCAGGAA-1",0,0.861970672728328,0,0,0.138029327271672,0,0,0,0
"629","GCTTGATGATAATCAG-1",0.38895734922248,0.61104265077752,0,0,0,0,0,0,0
"630","GCTTGGATCGATTAGG-1",0.773584148858244,0.226415851141756,0,0,0,0,0,0,0
"631","GCTTTACACAACTGGG-1",0,0,0,0.0638713746486247,0.715771152443488,0,0.220357472907888,0,0
"632","GCTTTCAGAGGAGGTG-1",0.588181003747116,0.411818996252884,0,0,0,0,0,0,0
"633","GGAAACCTTGTTGAAT-1",0.110999719265783,0.889000280734217,0,0,0,0,0,0,0
"634","GGAAAGTGCCCATGCC-1",0,1,0,0,0,0,0,0,0
"635","GGAACCCGAACAAGAA-1",0.520557092529839,0.348438129153452,0,0,0,0,0.131004778316709,0,0
"636","GGAAGCTCGCTTACAG-1",0,0.441656038051557,0,0,0.558343961948443,0,0,0,0
"637","GGACCTACGGTAACGT-1",0,0.219855292522342,0,0,0.780144707477658,0,0,0,0
"638","GGACGGGCGACCAACC-1",0,0.789458577971032,0,0,0.210541422028968,0,0,0,0
"639","GGACTCTTTGACTAAG-1",0,0,0,0.136694542691734,0.448412723285274,0,0.414892734022992,0,0
"640","GGAGAAGTCATTGGCA-1",0,0,0,0,0.226143449265426,0,0.773856550734574,0,0
"641","GGAGACCAATGTGCTT-1",0,0,0,0,0.865011361997111,0,0.134988638002888,0,0
"642","GGAGCACCAAGAACTA-1",0,0,0,0,0.703496150422459,0,0.296503849577541,0,0
"643","GGATCATCCCGTACGC-1",0.553789018135706,0.38216044985289,0,0,0,0,0.0640505320114041,0,0
"644","GGATGACGCGAGTTTA-1",0.102130368468021,0.773585897586087,0,0,0.124283733945892,0,0,0,0
"645","GGATGCTGGCGTTCCT-1",0,0,0,0,1,0,0,0,0
"646","GGATGTCCTTACCGCA-1",0,0.352643827849967,0,0,0.647356172150033,0,0,0,0
"647","GGATTCCGCTATACCC-1",0,0.538666040700955,0,0.097732136461404,0.363601822837641,0,0,0,0
"648","GGCACTCCACTGGGCA-1",0,0.842631150185717,0,0,0.157368849814283,0,0,0,0
"649","GGCAGCGGTAATCCTA-1",0,1,0,0,0,0,0,0,0
"650","GGCATACAGGTAGCGG-1",0.144617163050223,0.793983675967462,0,0,0,0,0.0613991609823151,0,0
"651","GGCATATCGGTTCTGC-1",0,0.610904135914103,0,0,0.389095864085897,0,0,0,0
"652","GGCCACACGAAAGCCT-1",0,0.176361802985354,0,0.119850503162375,0.703787693852271,0,0,0,0
"653","GGCCCGGAGCATGTCT-1",0,0,0,0,1,0,0,0,0
"654","GGCCCGTATACCATGC-1",0,0,0,0,1,0,0,0,0
"655","GGCCCTCACCCACTTA-1",0.00135900668800099,0.283161764060597,0,0,0.715479229251402,0,0,0,0
"656","GGCCGCAGGAACCGCA-1",0,0,0,0.0597826777474133,0.739639486885267,0,0.20057783536732,0,0
"657","GGCCGGCGTCTGCTAT-1",0,0,0,0,0.3514569249119,0,0.6485430750881,0,0
"658","GGCGCAGGACATCTTC-1",0,1,0,0,0,0,0,0,0
"659","GGCGCTCCTCATCAAT-1",0.125890317475385,0.874109682524615,0,0,0,0,0,0,0
"660","GGCGGAGTAATATTAG-1",0.177214795204601,0.687349242908785,0,0,0.135435961886614,0,0,0,0
"661","GGCGGTTTGCCGGTGC-1",0,0.429806042311564,0,0,0.570193957688436,0,0,0,0
"662","GGCTATTAAGTTGTAT-1",0,0.529262392394298,0,0,0.470737607605702,0,0,0,0
"663","GGCTCGCGTTGAGGTA-1",0,1,0,0,0,0,0,0,0
"664","GGCTGAGCATCGTAAG-1",0,0.270049213330443,0,0,0.729950786669557,0,0,0,0
"665","GGCTGTCCTACTGCGG-1",0,0.692174587527884,0,0,0.307825412472116,0,0,0,0
"666","GGCTTTCAATAAGGGT-1",0.612533614236637,0.387466385763363,0,0,0,0,0,0,0
"667","GGGAACGGGAGGTTAG-1",0,0.439528943573038,0,0,0.560471056426962,0,0,0,0
"668","GGGAAGACGGTCTGTC-1",0,0,0,0,0.1900292054393,0,0.8099707945607,0,0
"669","GGGAATGAGCCCTCAC-1",0.278126990428382,0.721873009571618,0,0,0,0,0,0,0
"670","GGGACCCGTATATCTT-1",0,0,0,0.190127780855905,0.49654283660957,0,0.313329382534525,0,0
"671","GGGATACGGTAATAAT-1",0.544054002992065,0.455945997007935,0,0,0,0,0,0,0
"672","GGGCAGAGCAATCGTT-1",0.197203352552128,0.576521072686992,0,0,0.226275574760879,0,0,0,0
"673","GGGCAGTCAACGCCAA-1",0,0,0,0.209257533370291,0.331138933619419,0,0.459603533010291,0,0
"674","GGGCATGCATGTCGAG-1",0.176881685434126,0.823118314565874,0,0,0,0,0,0,0
"675","GGGCGAATTTCTCCAC-1",0,1,0,0,0,0,0,0,0
"676","GGGCGCAGCGTTACTC-1",0,0.444460730092443,0,0,0.555539269907557,0,0,0,0
"677","GGGCGTCCACTGGCTC-1",0.224378529512843,0.506496131398734,0,0,0.269125339088424,0,0,0,0
"678","GGGCTCATCGAACCCA-1",0,1,0,0,0,0,0,0,0
"679","GGGTACTTCATGAACT-1",0,1,0,0,0,0,0,0,0
"680","GGGTCAGGAGCTAGAT-1",0,1,0,0,0,0,0,0,0
"681","GGGTTCAGACGAACAA-1",0.479437024172289,0.520562975827711,0,0,0,0,0,0,0
"682","GGTACACCAGATTTAT-1",0,0.137284029758293,0,0,0.862715970241707,0,0,0,0
"683","GGTACATCTGGGACGA-1",0,0.142895572566915,0,0.0779517571412969,0.779152670291788,0,0,0,0
"684","GGTAGGCCAATATCAC-1",0.477420146123686,0.522579853876314,0,0,0,0,0,0,0
"685","GGTATAGTGACACATA-1",0,1,0,0,0,0,0,0,0
"686","GGTGACTGATAGAGAG-1",0.933501029100924,0.066498970899076,0,0,0,0,0,0,0
"687","GGTGCAGAGCCTATCG-1",0,0.0541240832103772,0,0,0.945875916789623,0,0,0,0
"688","GGTGCATAAATGATTA-1",0,0.341144413719452,0,0,0.658855586280548,0,0,0,0
"689","GGTGTAGGTAAGTAAA-1",0,0,0,0.171444252008776,0.441129697281874,0,0.38742605070935,0,0
"690","GGTTACCCGACACTTT-1",0,0,0,0.0867459908551063,0.913254009144894,0,0,0,0
"691","GGTTAGGCTTGGAGAA-1",0,1,0,0,0,0,0,0,0
"692","GGTTCTACTCGTCTGA-1",0.471670467995204,0.330384874972841,0,0,0.197944657031955,0,0,0,0
"693","GGTTGTGCTCTTGTCC-1",0.604739423468323,0.278451754404112,0,0,0,0,0.116808822127565,0,0
"694","GGTTTAATTGAGCAGG-1",0,1,0,0,0,0,0,0,0
"695","GTAACAGGTTAACGGC-1",0.615877267545265,0.384122732454735,0,0,0,0,0,0,0
"696","GTAAGTAGGGTATACC-1",0,0.764672977532105,0,0,0.235327022467895,0,0,0,0
"697","GTACTCCCTTATCGCT-1",0.156933804524398,0.843066195475602,0,0,0,0,0,0,0
"698","GTAGGTGATCCGTGTA-1",0,0.300918494264999,0,0.116312407125763,0.582769098609238,0,0,0,0
"699","GTAGTCTACGATATTG-1",0,0,0,0,0.212762086235905,0,0.787237913764095,0,0
"700","GTAGTGAGCAACCTCA-1",0,0,0,0,1,0,0,0,0
"701","GTCACTCTCCAAATCT-1",0,1,0,0,0,0,0,0,0
"702","GTCAGTTTGGTAGTCG-1",0.0933136532213225,0.906686346778677,0,0,0,0,0,0,0
"703","GTCATTGCATTGACCC-1",0,1,0,0,0,0,0,0,0
"704","GTCCAATATTTAGCCT-1",0,1,0,0,0,0,0,0,0
"705","GTCCACGTCGCATTCG-1",0,0,0,0,0.80968166422767,0,0.19031833577233,0,0
"706","GTCCTACAGGCGGCTC-1",0.358888853362481,0.641111146637519,0,0,0,0,0,0,0
"707","GTCCTATTGTTGTGGT-1",0,0.183836064422518,0,0.136125786140929,0.680038149436553,0,0,0,0
"708","GTCCTTCTACAACCCA-1",0.473781250461451,0.526218749538549,0,0,0,0,0,0,0
"709","GTCGGATATCTCAGAC-1",0.286548398779555,0.713451601220444,0,0,0,0,0,0,0
"710","GTCGGATGTAGCGCGC-1",0,0,0,0.0991257244098973,0.775493228602432,0,0.125381046987671,0,0
"711","GTCGGGAAGCAGAAAC-1",0,1,0,0,0,0,0,0,0
"712","GTCGGGTGAAGTACCG-1",0,0.76592837936928,0,0,0.23407162063072,0,0,0,0
"713","GTCGTCTGGTTGGCTA-1",0,0,0,0,0.794455289767336,0,0.205544710232664,0,0
"714","GTCTATCTGAGTTTCT-1",0,0,0,0,0.416505400468446,0,0.583494599531554,0,0
"715","GTCTCAAGGCCCGGCT-1",0,1,0,0,0,0,0,0,0
"716","GTCTCGACTAAGTTTG-1",0.413041397986246,0.586958602013753,0,0,0,0,0,0,0
"717","GTCTCGATCTGCTTTC-1",0,0,0,0.0686260550368092,0.672941485479431,0,0.25843245948376,0,0
"718","GTCTTGAGGAGCAGTG-1",0,0,0,0.104415394383292,0.895584605616708,0,0,0,0
"719","GTGAAACGGCGCCACC-1",0.0731746791819542,0.926825320818046,0,0,0,0,0,0,0
"720","GTGAAGCCGTATAGTC-1",0.0203634451341278,0.979636554865872,0,0,0,0,0,0,0
"721","GTGACCTAAAGAATAA-1",0,0,0,0,0.746760435639317,0,0.253239564360683,0,0
"722","GTGACGAGGGTGACCC-1",0.932983240542254,0.0670167594577458,0,0,0,0,0,0,0
"723","GTGACGCAGGTTTCAT-1",0,0,0,0,0.167057074507177,0,0.832942925492823,0,0
"724","GTGAGGAGCGGTTGAG-1",0,1,0,0,0,0,0,0,0
"725","GTGAGTCTAAGACGGA-1",0.461663127310784,0.43970276251806,0,0.0986341101711561,0,0,0,0,0
"726","GTGATGCACAACATCT-1",0,1,0,0,0,0,0,0,0
"727","GTGCACCAGCTTCAAC-1",0,1,0,0,0,0,0,0,0
"728","GTGCCTCAGTGTACGG-1",0,1,0,0,0,0,0,0,0
"729","GTGCGACAGGGAGTGT-1",0.250455592324631,0.749544407675369,0,0,0,0,0,0,0
"730","GTGGAACCTACATGCG-1",0,0.544978644166502,0,0,0.455021355833498,0,0,0,0
"731","GTGGGCTTAGACACAC-1",0,0.583402809948093,0,0.0724340547985839,0.344163135253323,0,0,0,0
"732","GTGGTCAGCGAAGTAT-1",0,0.513710161134834,0,0,0.486289838865166,0,0,0,0
"733","GTTAAGTTAGAGTGGG-1",0,0.464406782043149,0,0,0.535593217956851,0,0,0,0
"734","GTTAATAGCGTCATTA-1",0.0631164836437434,0.936883516356257,0,0,0,0,0,0,0
"735","GTTAATGTCTATCTTA-1",0,0.871860880664621,0,0,0.128139119335378,0,0,0,0
"736","GTTACAATTGGTGACG-1",0,1,0,0,0,0,0,0,0
"737","GTTACCAAGGCGTACG-1",0,1,0,0,0,0,0,0,0
"738","GTTAGCCCATGACATC-1",0,0,0,0,0.230925231176502,0,0.769074768823497,0,0
"739","GTTATATCAGGAGCCA-1",0,0,0,0,0.867172332103751,0,0.132827667896249,0,0
"740","GTTCAAATCAGATGTC-1",0,0.147918040150014,0,0.122798757969705,0.729283201880281,0,0,0,0
"741","GTTCATCGTTTGGCTG-1",0.903745214116867,0.0962547858831326,0,0,0,0,0,0,0
"742","GTTGCAGTCGACAACA-1",0,0.782350869142101,0,0,0.217649130857899,0,0,0,0
"743","GTTGGACCGCATCAGG-1",0,0,0,0,0.884216331451356,0,0.115783668548644,0,0
"744","GTTGGATTGAGAACAC-1",0.26846918150515,0.566914120754093,0,0,0.164616697740758,0,0,0,0
"745","GTTGTTGCAAGATGGC-1",0,0,0,0.0733219248476954,0.783861187798791,0,0.142816887353514,0,0
"746","GTTTATGGGATTTAGA-1",0.329191507677054,0.480082883738679,0,0,0,0,0.190725608584266,0,0
"747","GTTTCATATCGTCGCT-1",0,0.101539562240584,0,0.203909912006195,0.69455052575322,0,0,0,0
"748","TAAACGTCGTCAATGA-1",0.858868071880324,0.141131928119676,0,0,0,0,0,0,0
"749","TAAAGCGGTATTTCCA-1",0,0.11054475681492,0,0,0.88945524318508,0,0,0,0
"750","TAAATCTTTACACCTC-1",0,0,0,0,0.749889746024886,0,0.250110253975114,0,0
"751","TAAATGAATCCGTTTC-1",0.194806740128215,0.805193259871785,0,0,0,0,0,0,0
"752","TAAATGCCGTCTCATG-1",0,0.598567095695446,0,0,0.401432904304554,0,0,0,0
"753","TAAATGGGCTACTGAG-1",0.268959686360241,0.731040313639759,0,0,0,0,0,0,0
"754","TAACAAAGGGAGAAGC-1",0.272836274664823,0.582283164858458,0.144880560476719,0,0,0,0,0,0
"755","TAACAATATTTGTTGC-1",0.619448817089266,0.291786294100546,0,0,0,0,0.088764888810188,0,0
"756","TAACCTACCGTCCGAG-1",0.609109403648832,0.390890596351168,0,0,0,0,0,0,0
"757","TAACTATCGAAGGTCC-1",0.268635487548788,0.38945989400004,0,0,0.341904618451172,0,0,0,0
"758","TAAGCAGGCGACACGC-1",0,0,0,0,1,0,0,0,0
"759","TAAGGCCCGTCACCCT-1",0.483033349327454,0.516966650672546,0,0,0,0,0,0,0
"760","TAAGGGCTGGGAGAGG-1",0,0.323031497299844,0,0.12367524762705,0.553293255073105,0,0,0,0
"761","TAAGTCGGTGAGCTAG-1",0.708137839512078,0.291862160487922,0,0,0,0,0,0,0
"762","TAATACTAGAACAGAC-1",0,0,0,0.154641781856769,0.592177337390734,0,0.253180880752497,0,0
"763","TAATAGTGACGACCAG-1",0,0,0,0,0.847009795694489,0,0.152990204305511,0,0
"764","TAATCGATCCGTACGT-1",0.456301016784519,0.54369898321548,0,0,0,0,0,0,0
"765","TAATTCCAATGCTTCA-1",0.106584521162152,0.893415478837848,0,0,0,0,0,0,0
"766","TAATTGGAATCGGGAA-1",0,1,0,0,0,0,0,0,0
"767","TACACCGTCGTTAGTC-1",0,0.326454585402415,0,0,0.673545414597585,0,0,0,0
"768","TACATCTTGTTTCTTG-1",0,0.372806644583926,0,0,0.627193355416074,0,0,0,0
"769","TACATGACCTTATCCG-1",0,1,0,0,0,0,0,0,0
"770","TACCAAATAGCCCAGA-1",0,1,0,0,0,0,0,0,0
"771","TACCCTCGGTAACCCT-1",0.804826490428298,0.195173509571702,0,0,0,0,0,0,0
"772","TACCGCGGACTTGCAG-1",0.755903761789738,0.244096238210262,0,0,0,0,0,0,0
"773","TACCGTAGGTTAACTA-1",0,1,0,0,0,0,0,0,0
"774","TACCTACTCCCAGTAT-1",0.0396127563812585,0.735228466139627,0,0,0.225158777479114,0,0,0,0
"775","TACCTCACCAATTGTA-1",0,0.786280821962436,0,0,0.213719178037564,0,0,0,0
"776","TACCTCAGTTGTCTGT-1",0,0,0,0,0.322052414911646,0,0.677947585088354,0,0
"777","TACCTCTTTACCATCC-1",0.256801811331272,0.743198188668728,0,0,0,0,0,0,0
"778","TACGAGAACTTCACGT-1",0.0698840615699576,0.930115938430042,0,0,0,0,0,0,0
"779","TACGCTATAGAAACCT-1",0.796191429262855,0.203808570737144,0,0,0,0,0,0,0
"780","TACGCTCCTAGAACTG-1",0,1,0,0,0,0,0,0,0
"781","TACGCTGCACGGTCGT-1",0,0,0,0,0.696159401446241,0,0.303840598553759,0,0
"782","TACGGGATGCTAGCAG-1",0,0.566299010623852,0,0.165971549692681,0.267729439683467,0,0,0,0
"783","TACGTGGGCCCAGGGC-1",0,0,0,0.212756168739584,0.37893763659899,0,0.408306194661426,0,0
"784","TACGTTTACCGGCAAT-1",0,0.912520056531973,0,0,0.0874799434680272,0,0,0,0
"785","TACTCATTGACGCATC-1",0,1,0,0,0,0,0,0,0
"786","TACTCGGCACGCCGGG-1",1,0,0,0,0,0,0,0,0
"787","TACTCTCCGAACAAAT-1",0.271630558413856,0.484664076233473,0,0,0.243705365352672,0,0,0,0
"788","TACTGCATGATTAAAT-1",0,0.836363655416863,0,0,0.163636344583137,0,0,0,0
"789","TACTGGACAGCTCGGC-1",0.321255587378272,0.678744412621728,0,0,0,0,0,0,0
"790","TACTTTACTGAGCCGG-1",0.928204436951186,0.0717955630488137,0,0,0,0,0,0,0
"791","TAGAAGAAGGGTTACA-1",0.775285041741745,0.224714958258255,0,0,0,0,0,0,0
"792","TAGACGCCCGTACCGG-1",0.113716709562039,0.886283290437961,0,0,0,0,0,0,0
"793","TAGACTACCTAGCGTT-1",0,1,0,0,0,0,0,0,0
"794","TAGATTCCTGGTTATT-1",0.403865379057374,0.596134620942626,0,0,0,0,0,0,0
"795","TAGATTCTCTAGCAAA-1",0,0,0,0,0.770734150711934,0,0.229265849288067,0,0
"796","TAGCAACCTGTCACAA-1",0,1,0,0,0,0,0,0,0
"797","TAGCTCACTGTGTTTG-1",0,1,0,0,0,0,0,0,0
"798","TAGGAGGCTCGAGAAC-1",0,0,0,0.0804242078162112,0.674407926805964,0,0.245167865377825,0,0
"799","TAGGCATGTTACGCCA-1",0,0.633737188110308,0,0,0.366262811889692,0,0,0,0
"800","TAGGGAGCTTGGGATG-1",0,1,0,0,0,0,0,0,0
"801","TAGGTGTTCCACAGAT-1",0.443788295919517,0.556211704080483,0,0,0,0,0,0,0
"802","TAGTACCTTAGTGGTC-1",0.865931556045427,0.134068443954573,0,0,0,0,0,0,0
"803","TAGTCCCGGAGACCAC-1",0,0,0,0,1,0,0,0,0
"804","TAGTCCGTATGCATAA-1",0,0.0958531282780406,0,0,0.904146871721959,0,0,0,0
"805","TAGTCTAACAACGAGA-1",0,0.404651664620001,0,0.12723325556934,0.468115079810659,0,0,0,0
"806","TAGTGACAAGCTCTAC-1",0,1,0,0,0,0,0,0,0
"807","TAGTGTCAGAAACGGC-1",0.608984390847186,0.391015609152814,0,0,0,0,0,0,0
"808","TAGTTAAGATAGGATA-1",0,0.461622596555245,0,0,0.538377403444755,0,0,0,0
"809","TATAAGTGAGGATAGC-1",0,0,0,0,0.122519189396952,0,0.877480810603048,0,0
"810","TATACGCGTCATCACT-1",0,1,0,0,0,0,0,0,0
"811","TATACTCATGCGGCAA-1",0.634766402505236,0.365233597494764,0,0,0,0,0,0,0
"812","TATAGAGTCGCTTGAA-1",0,0.450330046776553,0,0,0,0,0.549669953223447,0,0
"813","TATAGGGTACTCATGA-1",0,0.0709355283009393,0,0.121084001788494,0.807980469910566,0,0,0,0
"814","TATATCCCTGGGAGGA-1",0,1,0,0,0,0,0,0,0
"815","TATATGCTGGGTTGCC-1",0.516150841348078,0.483849158651922,0,0,0,0,0,0,0
"816","TATATTACAAATGTCG-1",0,0.637530384593426,0,0,0.362469615406574,0,0,0,0
"817","TATCAAAGGTCTGTAA-1",4.16842589358886e-18,0.378187140061895,0,0,0.621812859938105,0,0,0,0
"818","TATCACCATGTAAAGT-1",0,0.378119707534784,0,0.186099266800184,0.435781025665032,0,0,0,0
"819","TATCCGCACCGTCGGG-1",0,0,0,0,0.354641859714022,0,0.645358140285977,0,0
"820","TATCCTATCAACTGGT-1",0.572035332313577,0.427964667686423,0,0,0,0,0,0,0
"821","TATGATCCGGCACGCC-1",0.241965509974228,0.758034490025772,0,0,0,0,0,0,0
"822","TATGTCAAGACCGACT-1",0,1,0,0,0,0,0,0,0
"823","TATTACCATCCTGCTT-1",0.0636853099451162,0.936314690054884,0,0,0,0,0,0,0
"824","TATTGACATTTCTGCC-1",0,0.788459669141352,0,0,0.211540330858648,0,0,0,0
"825","TATTTATACCGAGTAG-1",0,0.455835028178286,0,0,0.544164971821714,0,0,0,0
"826","TATTTGTTACCCTTTA-1",0,0,0,0.0843887170980731,0.762740059634973,0,0.152871223266954,0,0
"827","TCAAATTATGTTCGAC-1",0.297376143728849,0.702623856271151,0,0,0,0,0,0,0
"828","TCAAATTGTTGTGCCG-1",0,0,0,0.24456478863519,0.328470848936763,0,0.426964362428047,0,0
"829","TCAACTAACGTATAAC-1",0.408700557552802,0.591299442447198,0,0,0,0,0,0,0
"830","TCAAGAAATACTAGCT-1",0.777850553259605,0.222149446740396,0,0,0,0,0,0,0
"831","TCAATATACAGGAGGC-1",0,0.672024484196968,0,0,0.327975515803032,0,0,0,0
"832","TCAATCCCGCGCCAAA-1",0.0594195453690578,0.940580454630942,0,0,0,0,0,0,0
"833","TCACCGCTCGGCACTC-1",0.23925615005325,0.76074384994675,0,0,0,0,0,0,0
"834","TCACGGTCATCGCACA-1",0,0,0,0.118868225937799,0.719944899673262,0,0.161186874388939,0,0
"835","TCACTACGACCAATGC-1",0.439156845171978,0.560843154828022,0,0,0,0,0,0,0
"836","TCACTCTTCGTCTGTC-1",0.451818289233409,0.548181710766592,0,0,0,0,0,0,0
"837","TCAGAACGGCGGTAAT-1",0,0,0,0.122874452274107,0.515382064113719,0,0.361743483612174,0,0
"838","TCAGAGTGTGAGCATG-1",0,0,0,0,1,0,0,0,0
"839","TCAGGGCGACTTCCTT-1",0.109923780335823,0.40175131826996,0,0,0.488324901394216,0,0,0,0
"840","TCAGGTTCTTTGAGAA-1",0.410026671500178,0.589973328499822,0,0,0,0,0,0,0
"841","TCAGTACTGACCCGCG-1",0,1,0,0,0,0,0,0,0
"842","TCATAAGTCCAAGAAG-1",0,0.511577996329239,0,0,0.488422003670761,0,0,0,0
"843","TCATACTTACAGATCC-1",0.43690793067592,0.56309206932408,0,0,0,0,0,0,0
"844","TCATGCAGGTTCTCAT-1",0,0.591118030355931,0,0.15782981086952,0.251052158774549,0,0,0,0
"845","TCATGGAGGCCTTTGT-1",0,0,0,0,0.706247969727358,0,0.293752030272642,0,0
"846","TCATTTAAGTCTCCGA-1",0.53295061013108,0.467049389868919,0,0,0,0,0,0,0
"847","TCCAACTTTAAATTCT-1",0,0.662468390160311,0,0,0.337531609839689,0,0,0,0
"848","TCCAAGCCTAGACACA-1",0,0,0,0.126862757706698,0.590633788584985,0,0.282503453708317,0,0
"849","TCCAATAAAGGCTACC-1",0.176266505846327,0.73268052669912,0,0,0.0910529674545533,0,0,0,0
"850","TCCACAATGGTTTACG-1",0,1,0,0,0,0,0,0,0
"851","TCCACCTCTAGCCTTT-1",0,0.122009294078711,0,0,0.877990705921289,0,0,0,0
"852","TCCAGATGTACGCCAA-1",0,1,0,0,0,0,0,0,0
"853","TCCAGGCAGGACGATC-1",0.472732228772818,0.527267771227182,0,0,0,0,0,0,0
"854","TCCAGGGTATATACGA-1",0.660026641318062,0.339973358681938,0,0,0,0,0,0,0
"855","TCCCAAACAGACAACG-1",0,1,0,0,0,0,0,0,0
"856","TCCCGCCTATGTGCGT-1",0,0,0,0.114197979388267,0.704072022817536,0,0.181729997794197,0,0
"857","TCCCGTCGCGTCATAG-1",0.518102891934003,0.481897108065997,0,0,0,0,0,0,0
"858","TCCCTAGATCAATAGG-1",0.180739787215144,0.819260212784856,0,0,0,0,0,0,0
"859","TCCCTTAGATTACTCG-1",0,1,0,0,0,0,0,0,0
"860","TCCCTTGTCTGAAACT-1",0,0,0,0.0591121854711608,0.75094479240204,0,0.189943022126799,0,0
"861","TCCGAACTTGGCTTAC-1",0,1,0,0,0,0,0,0,0
"862","TCCGAATGGTCCTGAG-1",0.763419142331432,0.15929747207957,0,0.0772833855889987,0,0,0,0,0
"863","TCCGATGACTGAGCTC-1",0,0,0,0,0.355132891405924,0,0.644867108594076,0,0
"864","TCCGGCCTAGCGTACA-1",0.269710025375209,0.350336845214108,0,0,0,0,0.379953129410682,0,0
"865","TCCTCTGGCCCATTAG-1",0,1,0,0,0,0,0,0,0
"866","TCCTGCCAACTGGAGA-1",0.310011540699672,0.598721177598994,0,0,0,0,0.0912672817013343,0,0
"867","TCCTGCGTTGATACTC-1",0,1,0,0,0,0,0,0,0
"868","TCGAAATTTAGGACCA-1",0,0,0,0,0.287974383296348,0,0.712025616703652,0,0
"869","TCGACTGACGATGGCT-1",0,0,0,0,0.829631418500829,0,0.170368581499171,0,0
"870","TCGCTAAACCGCTATC-1",0.184759760347374,0.815240239652626,0,0,0,0,0,0,0
"871","TCGCTACTGGCTTTGA-1",0.403355785699626,0.532051166862133,0,0,0,0,0.0645930474382402,0,0
"872","TCGCTCGGCACCAGCG-1",0.41839287113593,0.58160712886407,0,0,0,0,0,0,0
"873","TCGCTGCCAATGCTGT-1",0,0,0,0.234477863541968,0.318878072067931,0,0.446644064390101,0,0
"874","TCGCTTTAAACGTTTG-1",0.214979282742808,0.699523441855334,0,0,0.0854972754018576,0,0,0,0
"875","TCGGCAGGGTTAAGGG-1",0.253488891121754,0.746511108878246,0,0,0,0,0,0,0
"876","TCGGTCCCTGACTCCA-1",0,1,0,0,0,0,0,0,0
"877","TCGGTGACCGCTCCGG-1",0,0.270636082574816,0,0.0980918449529182,0.631272072472266,0,0,0,0
"878","TCGTAACTCCCAAGAC-1",0.167730119325559,0.71539212373004,0,0,0.116877756944401,0,0,0,0
"879","TCGTAAGCTCCGAGGA-1",0.193974583012092,0.61162565350299,0,0,0.194399763484917,0,0,0,0
"880","TCGTACCGACGTCAAG-1",0.319859128019643,0.680140871980357,0,0,0,0,0,0,0
"881","TCGTATTACCCATTGC-1",0.25503480895627,0.744965191043731,0,0,0,0,0,0,0
"882","TCGTCCGCTGGCGTCT-1",0,0,0,0,0.286557260742721,0,0.713442739257279,0,0
"883","TCGTTGACAGGGTCCC-1",0.49605494782303,0.50394505217697,0,0,0,0,0,0,0
"884","TCTAACTGTATGTAAA-1",0,1,0,0,0,0,0,0,0
"885","TCTAGCATCTTCGATG-1",0,0,0,0.120239279464554,0.616535232850046,0,0.263225487685399,0,0
"886","TCTAGGTGGCGACGCT-1",0.659607643077139,0.340392356922861,0,0,0,0,0,0,0
"887","TCTCAGGCTACTCGCT-1",0,0.739287881721545,0,0,0.260712118278455,0,0,0,0
"888","TCTCCAACGTAGGTTA-1",0,0,0,0.175841660926159,0.328142543145634,0,0.496015795928207,0,0
"889","TCTCGAACGAGGTCAC-1",0.345405075443851,0.654594924556149,0,0,0,0,0,0,0
"890","TCTGAACCGGTCGGCT-1",0,0.720833621247797,0,0,0.155457953811546,0,0.123708424940657,0,0
"891","TCTGAATTCCGTACAA-1",0.464244350765323,0.535755649234677,0,0,0,0,0,0,0
"892","TCTGACGGGCTAACCC-1",0,0,0,0,0.888848734537972,0.111151265462028,0,0,0
"893","TCTGATCGGGTGCTAG-1",0.0743561586602641,0.925643841339736,0,0,0,0,0,0,0
"894","TCTGCAGATTCGAGTC-1",0,0.511006578592442,0,0,0.488993421407558,0,0,0,0
"895","TCTGGGTAGCGCTCAT-1",0,0.257617957419275,0,0,0.742382042580725,0,0,0,0
"896","TCTTACCGGAACTCGT-1",0,1,0,0,0,0,0,0,0
"897","TCTTACGGCATCCGAC-1",0.327332205144,0.553283616065613,0,0,0,0,0.119384178790387,0,0
"898","TCTTCCCATGGGCACA-1",0.51322315341274,0.48677684658726,0,0,0,0,0,0,0
"899","TCTTTAAGACTATGAA-1",0.92416063697111,0.0758393630288901,0,0,0,0,0,0,0
"900","TCTTTAGCAGGCGAAC-1",0.378044026644047,0.621955973355953,0,0,0,0,0,0,0
"901","TGAAGTAGCTTACGGA-1",0,0.467836327948919,0,0,0.532163672051081,0,0,0,0
"902","TGAATGAGTGTTTCCC-1",0,0,0,0.138893382142828,0.861106617857172,0,0,0,0
"903","TGACACTTCTCTTTGC-1",0,1,0,0,0,0,0,0,0
"904","TGACATCGAGCGGACC-1",0.664091064123389,0.335908935876611,0,0,0,0,0,0,0
"905","TGACGATGCACTAGAA-1",0.127731905645408,0.872268094354592,0,0,0,0,0,0,0
"906","TGACTCTAACTGGTAA-1",0.615891707201977,0.384108292798023,0,0,0,0,0,0,0
"907","TGAGCCATACAGTCTC-1",0,0,0,0,0.71222919984298,0,0.28777080015702,0,0
"908","TGAGCTTTAATGACGC-1",0,0.861262973884503,0,0,0.138737026115497,0,0,0,0
"909","TGAGGAGTGCCAGCTT-1",0,0.429184514721029,0,0.0794471478386557,0.491368337440315,0,0,0,0
"910","TGAGGTGTGTGGCGGA-1",0,0.670772086505486,0,0,0.329227913494514,0,0,0,0
"911","TGATAGCGGGATTCTA-1",0,1,0,0,0,0,0,0,0
"912","TGATCACCACACTGAC-1",0,0,0,0,1,0,0,0,0
"913","TGATCTACGCTGATCT-1",0.414414229702266,0.585585770297734,0,0,0,0,0,0,0
"914","TGATGGCTGTTTCTGA-1",0.850398090187687,0.149601909812313,0,0,0,0,0,0,0
"915","TGATTCCCGGTTACCT-1",0,0.10063749067475,0,0.201621342253718,0.697741167071531,0,0,0,0
"916","TGATTCGTCTATCACT-1",0.16882014947836,0.585021216758149,0,0,0.246158633763492,0,0,0,0
"917","TGATTTATTAGCTGTG-1",0,1,0,0,0,0,0,0,0
"918","TGCAAACGTACTAGTT-1",0,0,0,0.130309789464399,0.869690210535601,0,0,0,0
"919","TGCAATTTGGGCACGG-1",0,0.571560836089853,0,0,0.428439163910147,0,0,0,0
"920","TGCACAGTGAAGTTAT-1",0.0602046454730356,0.615875147955393,0,0,0.323920206571571,0,0,0,0
"921","TGCACTATGTGAGTGC-1",0.232142803273403,0.767857196726596,0,0,0,0,0,0,0
"922","TGCAGAGTACCGAGCA-1",0,0,0,0.141270654351693,0.746841469980052,0,0.111887875668256,0,0
"923","TGCCACCTGGCGAAAC-1",0,0,0,0,0.641426048089455,0,0.358573951910545,0,0
"924","TGCCATTACTAAAGAA-1",0,1,0,0,0,0,0,0,0
"925","TGCCCGATAGTTAGAA-1",0,0,0,0.0825557345098765,0.465097897924991,0,0.452346367565133,0,0
"926","TGCCGAAAGCGTATTC-1",0.0752760571170995,0.9247239428829,0,0,0,0,0,0,0
"927","TGCGAGCCCTTCCGCG-1",0,0.178480453171767,0,0,0.821519546828233,0,0,0,0
"928","TGCGCGATTAACGGAG-1",0,0.814558753001454,0,0,0.185441246998546,0,0,0,0
"929","TGCGGACTTGACTCCG-1",0,0,0,0.119046293234142,0.40788349529536,0,0.473070211470498,0,0
"930","TGCTCGGTGGGTCACC-1",0.504555378623463,0.495444621376537,0,0,0,0,0,0,0
"931","TGCTCTTGAGAGTTTG-1",0.620865561039354,0.379134438960646,0,0,0,0,0,0,0
"932","TGCTTCCCAAGCAGTA-1",0.58355561853037,0.41644438146963,0,0,0,0,0,0,0
"933","TGGAAGAAGGGAACGT-1",0,0.967890675342301,0,0,0.0321093246576985,0,0,0,0
"934","TGGAATATCCTTGACC-1",0.494030475747925,0.505969524252075,0,0,0,0,0,0,0
"935","TGGAGAATAATCGTCC-1",0.157668583858615,0.842331416141385,0,0,0,0,0,0,0
"936","TGGAGTGATGCGATGA-1",0.145726694224071,0.827292213774232,0,0,0,0,0.0269810920016966,0,0
"937","TGGCAACTCGCGCGCC-1",0,1,0,0,0,0,0,0,0
"938","TGGCAAGCACAAGTCG-1",0.463406430820828,0.536593569179172,0,0,0,0,0,0,0
"939","TGGCCGTATATTGACC-1",0,0.433174454300361,0,0,0.566825545699639,0,0,0,0
"940","TGGGAAATGCCTTTCC-1",0,1,0,0,0,0,0,0,0
"941","TGGGATGCACTCATTC-1",0,1,0,0,0,0,0,0,0
"942","TGGGTAAGGTTCCCGC-1",0,0.048026052299781,0,0,0.951973947700219,0,0,0,0
"943","TGGGTTCCCGGACGGA-1",0,0.632730963265649,0,0,0.367269036734351,0,0,0,0
"944","TGGTCTAGCTTACATG-1",0,1,0,0,0,0,0,0,0
"945","TGGTCTGTTGGGCGTA-1",0,1,0,0,0,0,0,0,0
"946","TGGTTAAGGGCGCTGG-1",0.108945293860159,0.891054706139841,0,0,0,0,0,0,0
"947","TGGTTGGAGGATCCTG-1",0.179427101544979,0.820572898455021,0,0,0,0,0,0,0
"948","TGGTTTAAACGTGGGT-1",0,1,0,0,0,0,0,0,0
"949","TGTAATGACCACAATA-1",0,0.333126770733556,0,0.197872059656123,0.33636269990672,0,0.1326384697036,0,0
"950","TGTACTTCCGGGCATG-1",0,0,0,0.083807868479162,0.70437378082893,0,0.211818350691908,0,0
"951","TGTAGCCAATTCCGTT-1",0,0,0,0,0.346813455887093,0,0.653186544112907,0,0
"952","TGTCATTTGTTGGGAA-1",0,1,0,0,0,0,0,0,0
"953","TGTCCGCAAACAATTC-1",0,0.323221833674142,0,0.145365038048797,0.531413128277061,0,0,0,0
"954","TGTCCGTGGCGCCTTT-1",0.73859386783866,0.26140613216134,0,0,0,0,0,0,0
"955","TGTGAGACTAGCCCAA-1",0,1,0,0,0,0,0,0,0
"956","TGTGGCAAAGCGTATG-1",0.342309020855777,0.465201399796729,0,0,0.192489579347493,0,0,0,0
"957","TGTGGTTGCTAAAGCT-1",0,0,0,0.345974653043275,0.654025346956725,0,0,0,0
"958","TGTGTCGCGAGTTGCA-1",0,0.314938889199265,0,0.0615110800851345,0.6235500307156,0,0,0,0
"959","TGTGTTCGTATCCAAG-1",0.606755244506265,0.393244755493735,0,0,0,0,0,0,0
"960","TGTTAACAAAGTGACT-1",0,1,0,0,0,0,0,0,0
"961","TGTTCATAAATGTGCT-1",0,1,0,0,0,0,0,0,0
"962","TGTTCCGCTTCCATGA-1",0.212955433428272,0.787044566571728,0,0,0,0,0,0,0
"963","TGTTCTTCCATTGACT-1",0.187522284493262,0.812477715506738,0,0,0,0,0,0,0
"964","TGTTGTCAAGAAGTCT-1",0,0.761340648361996,0,0,0.238659351638004,0,0,0,0
"965","TTAAACCTGGTTCCTT-1",0.499599574359024,0.500400425640976,0,0,0,0,0,0,0
"966","TTAAACTCGAATTCAT-1",0.639082871442603,0.360917128557397,0,0,0,0,0,0,0
"967","TTAACCCGAGGCGTGT-1",0,1,0,0,0,0,0,0,0
"968","TTAACGAACAAGCAGT-1",0,0,0,0,1,0,0,0,0
"969","TTAAGCGCCTGACCCA-1",0.196786453057722,0.660918856333893,0,0,0.142294690608385,0,0,0,0
"970","TTAATCAGTACGTCAG-1",0,0.809571877066673,0,0,0.190428122933327,0,0,0,0
"971","TTACCCATTGCCGGGT-1",0.0816184374882162,0.918381562511784,0,0,0,0,0,0,0
"972","TTACCCTAGGGATTGG-1",0,1,0,0,0,0,0,0,0
"973","TTACGGATGGTTCGAG-1",0.2094119864155,0.7905880135845,0,0,0,0,0,0,0
"974","TTACTGTCTAGAGCTC-1",0,0,0,0.170981224677117,0.572303855562561,0.104410184285487,0.152304735474834,0,0
"975","TTAGACACGATCGTTG-1",0,1,0,0,0,0,0,0,0
"976","TTAGCTCTGTAATCCG-1",0,1,0,0,0,0,0,0,0
"977","TTAGTTCAAGTGTTCG-1",0,0.806083253655922,0,0,0.193916746344078,0,0,0,0
"978","TTATGACAAACTGGAT-1",0,1,0,0,0,0,0,0,0
"979","TTATTTAGGTTCCTTA-1",0.816830906437738,0.183169093562262,0,0,0,0,0,0,0
"980","TTCACTTCCTAGAACG-1",0,0,0,0,1,0,0,0,0
"981","TTCAGTTTGTGGCAGC-1",0,0.506610808984921,0,0,0.493389191015079,0,0,0,0
"982","TTCATAGGGTGTCCAT-1",0,0,0,0.0578111596508784,0.942188840349122,0,0,0,0
"983","TTCCAGACGAGATTTA-1",0,0,0,0,1,0,0,0,0
"984","TTCCATCATGCGGTGA-1",0,1,0,0,0,0,0,0,0
"985","TTCCTCTGCCCGAATA-1",0,0.841581162851252,0,0,0.158418837148748,0,0,0,0
"986","TTCGACGGGAAGGGCG-1",0,0,0,0,0.653499648138775,0,0.346500351861225,0,0
"987","TTCGCACTCGCGTGCT-1",0,0,0,0.165398732560006,0.6394545486944,0,0.195146718745594,0,0
"988","TTCGGCAACCCGCTGA-1",0.404157371632032,0.595842628367968,0,0,0,0,0,0,0
"989","TTCGTAATCCCAGCGG-1",0,1,0,0,0,0,0,0,0
"990","TTCTAACCGAAGCTTA-1",0,0.318169086346231,0,0.0944813954750885,0.587349518178681,0,0,0,0
"991","TTCTATGCCTTTCGCA-1",0,0.519787054553111,0,0,0.480212945446889,0,0,0,0
"992","TTCTATTAAACGCAGC-1",0,1,0,0,0,0,0,0,0
"993","TTCTGCGAGCGCCCTT-1",0.00317510399683403,0.812351274586686,0,0,0.18447362141648,0,0,0,0
"994","TTCTTGGAGTAATGAG-1",0,0,0,0,0.750892874555325,0,0.249107125444675,0,0
"995","TTCTTGTGTCCATCAG-1",0,0.29238255289187,0,0.104475761396561,0.603141685711569,0,0,0,0
"996","TTGAAACCCTCATTCC-1",0.0734253989275703,0.92657460107243,0,0,0,0,0,0,0
"997","TTGAAAGGTGTAAAGG-1",0,0.50971964951753,0,0,0.49028035048247,0,0,0,0
"998","TTGAACGAATCCTTTG-1",0,1,0,0,0,0,0,0,0
"999","TTGAAGTGCATCTACA-1",0.098714211570092,0.901285788429908,0,0,0,0,0,0,0
"1000","TTGAATTCACGTGAGG-1",0.0622329773569175,0.937767022643082,0,0,0,0,0,0,0
"1001","TTGATAGTCAATACAT-1",0,1,0,0,0,0,0,0,0
"1002","TTGATGTGTAGTCCCG-1",0,1,0,0,0,0,0,0,0
"1003","TTGCCCTGATCACGGG-1",0.37226226175337,0.62773773824663,0,0,0,0,0,0,0
"1004","TTGCCGGTGATCCCTC-1",0.104974397086602,0.720734958575617,0,0,0.174290644337781,0,0,0,0
"1005","TTGCGCTCTCTCGCTT-1",0,1,0,0,0,0,0,0,0
"1006","TTGCGTGAACGCTTAG-1",0.677180439664049,0.322819560335951,0,0,0,0,0,0,0
"1007","TTGCGTGTGTAGGCAT-1",0,0,0,0.244850444507459,0.461163139752008,0,0.293986415740533,0,0
"1008","TTGCTGCACCTATCCA-1",0.609957596090123,0.322879416638,0,0,0,0,0.0671629872718772,0,0
"1009","TTGGACATGTGGCTTA-1",0,0.245684138014993,0,0,0.754315861985007,0,0,0,0
"1010","TTGGCCTAGAATTTCG-1",0,0.720048165633219,0,0,0.279951834366781,0,0,0,0
"1011","TTGGCGATCCGAATAT-1",0,0,0,0,0.879386721819435,0,0.120613278180565,0,0
"1012","TTGGCTCGCATGAGAC-1",0,0,0,0,0.19761568183136,0,0.80238431816864,0,0
"1013","TTGGTATGGCTTGTGT-1",0,1,0,0,0,0,0,0,0
"1014","TTGTTCTAGATACGCT-1",0.260916555279984,0.739083444720016,0,0,0,0,0,0,0
