"","cell_ID","SMCs_Fibroblasts_Hybrids","SMCs_maintype","SMCs_subtype","Macrophages_and_MDSCs","Fibroblasts","Mast_cells","Endothelial_cells","NK_and_T_cells","B_cells"
"1","AAACAGAGCGACTCCT-1",0,0.224555048333603,0,0.189552101596564,0.36274601620901,0,0.223146833860823,0,0
"2","AAACAGTGTTCCTGGG-1",0,0.909050171097073,0.0909498289029275,0,0,0,0,0,0
"3","AAACATGGTGAGAGGA-1",0,1,0,0,0,0,0,0,0
"4","AAACCCGAACGAAATC-1",0,0.606019471465256,0,0,0.265297883153397,0,0.128682645381346,0,0
"5","AAACGAGACGGTTGAT-1",0.431355869522479,0.454331867150403,0,0,0.114312263327118,0,0,0,0
"6","AAACTCGTGATATAAG-1",0.902807269098915,0,0,0,0,0,0.0971927309010848,0,0
"7","AAAGGCTCTCGCGCCG-1",0,0.805820253179086,0,0,0.0651725397105303,0,0.129007207110384,0,0
"8","AAAGGGATGTAGCAAG-1",0,1,0,0,0,0,0,0,0
"9","AAAGTAGCATTGCTCA-1",0,0.866724667484043,1.09104841868858e-20,0,0.133275332515957,0,0,0,0
"10","AAATAACCATACGGGA-1",0,0.12042141348517,0,0.184030377078374,0.39593268498564,0,0.299615524450815,0,0
"11","AAATAGCTTAGACTTT-1",0.098585049919134,0.797511824260453,0,0,0,0,0.103903125820413,0,0
"12","AAATGATTCGATCAGC-1",0,0.728819256220465,-1.35427350098944e-18,0,0.271180743779535,0,0,0,0
"13","AAATGGCATGTCTTGT-1",0,0.287759181453515,0,0,0.497752284517849,0,0.214488534028636,0,0
"14","AAATGGCCCGTGCCCT-1",0,1,1.94966897680533e-18,0,0,0,0,0,0
"15","AAATTACACGACTCTG-1",0,0.376560124365024,0,0,0.385738983064486,0,0.149448694657827,0,0.0882521979126638
"16","AACAGGAAATCGAATA-1",0,0.460059099576053,1.35978445972208e-18,0,0.428542282873671,0,0.063119827469807,0.000793551559714141,0.0474852385207546
"17","AACATCGATACGTCTA-1",0,0.562307444380911,0,0,0.186574125911455,0,0.251118429707634,0,0
"18","AACCCGACAACCCGTG-1",0,1,0,0,0,0,0,0,0
"19","AACCGAGCTTGGTCAT-1",0.477269264477682,0.403855369900164,0,0,0,0,0.118875365622155,0,0
"20","AACCTTTAAATACGGT-1",0,0.212860149853897,0,0,0.671986388346246,0,0.115153461799857,0,0
"21","AACCTTTACGACGTCT-1",0,0.150066006984033,0,0,0.400814462378346,0,0.44911953063762,0,0
"22","AACGCATGATCTGGGT-1",0.423142419968477,0.359419984622985,0,0,0.097829613016373,0,0.119607982392166,0,0
"23","AACGCGGTCTCCAGCC-1",0.12394206023335,0.87605793976665,0,0,0,0,0,0,0
"24","AACTACCCGTTTGTCA-1",0,0.554776709589623,0,0,0.295738927208039,0,0.149484363202337,0,0
"25","AACTAGGCTTGGGTGT-1",0.0897986726078269,0.613776286619407,0,0,0.0754488639896053,0,0.220976176783161,0,0
"26","AACTCTCAATAGAGCG-1",0,1,0,0,0,0,0,0,0
"27","AACTGATATTAGGCCT-1",0.0239587513208459,0.760571062325178,0,0,0.134900859966693,0,0.0805693263872836,0,0
"28","AACTGGGTCCCGACGT-1",0,1,0,0,0,0,0,0,0
"29","AAGAGCTCTTTATCGG-1",0.153942237873911,0.598020279723952,0,0,0.121187381861264,0,0.126850100540873,0,0
"30","AAGATGGCACCGGACC-1",0.241366706013682,0.534000642854497,0,0,0.224632651131821,0,0,0,0
"31","AAGATTGGCGGAACGT-1",0.48331851525358,0,0,0.478604046232171,0,0,0.0380774385142494,0,0
"32","AAGCATACTCTCCTGA-1",0,0.231668618315914,0,0.21235934464474,0.423392188468874,0,0.132579848570472,0,0
"33","AAGCCACTTGCAGGTA-1",0.906483047938568,0,0,0.0935169520614316,0,0,0,0,0
"34","AAGCCGCTTTACCTTG-1",0,0.0166417118324097,0.204510674480292,0,0.4502036277721,0,0.328643985915198,0,0
"35","AAGCGTCCCTCATCGA-1",0,1,0,0,0,0,0,0,0
"36","AAGCTATGGATTGACC-1",0.589193700551692,0.410806299448309,0,0,0,0,0,0,0
"37","AAGCTCTTTCATGGTG-1",0,0.115218768891125,0,0.130505344348824,0.248637451440847,0,0.505638435319205,0,0
"38","AAGGATCGATCGCTTG-1",0.201001012284892,0.798998987715108,0,0,0,0,0,0,0
"39","AAGGCAGGCTGTCTCC-1",0.987241555988294,0.0127584440117057,4.59169353471068e-24,0,0,0,0,0,0
"40","AAGGGACAGATTCTGT-1",0,1,0,0,0,0,0,0,0
"41","AAGGGTTTGATTTCAG-1",0.796423393351295,0.0102107586829808,0,0,0.193365847965724,0,0,0,0
"42","AAGTGCGTTAGAATCT-1",0,0.379503969427087,0,0.348922748266752,0,0,0.271573282306161,0,0
"43","AAGTGCTTCTCTATTG-1",0,1,0,0,0,0,0,0,0
"44","AAGTTCAGTCTGCGTA-1",0,1,0,0,0,0,0,0,0
"45","AATACCGGAGGGCTGT-1",0,1,0,0,0,0,0,0,0
"46","AATAGCTACCGCGTGC-1",0,0.837479154650338,0,0,0.162520845349662,0,0,0,0
"47","AATAGGCACGACCCTT-1",0,1,0,0,0,0,0,0,0
"48","AATAGTCCGTCCCGAC-1",0,0.912190852796252,0,0,0,0,0.0878091472037476,0,0
"49","AATCAGGTTTCATTTA-1",0.0720083991441054,0.825483410197211,0,0.102508190658683,0,0,0,0,0
"50","AATCGCGCAGAGGACT-1",0.066370655525843,0.933629344474157,0,0,0,0,0,0,0
"51","AATCTAGGTTTACTTG-1",0,0.903284589657399,0.0967154103426006,0,0,0,0,0,0
"52","AATCTATGCCGGAGCC-1",0,1,0,0,0,0,0,0,0
"53","AATCTGGCTTTCTAGT-1",0,1,0,0,0,0,0,0,0
"54","AATGATGATACGCTAT-1",0.906917610768988,0,0.0930823892310122,0,0,0,0,0,0
"55","AATGCAACCGGGTACC-1",0,1,0,0,0,0,0,0,0
"56","AATGCACCAAGCAATG-1",0.36647597793729,0.511255119126157,0,0,0.122268902936553,0,0,0,0
"57","AATTAACGGATTTCCA-1",0.491337020621163,0.508662979378837,0,0,0,0,0,0,0
"58","AATTAGCGCTGCAGCG-1",0,0.237306040350997,0,0.123006328861947,0.507824274972557,0,0.131863355814499,0,0
"59","AATTCATAAGGGATCT-1",1,0,0,0,0,0,0,0,0
"60","ACAAACTCCATCAGAG-1",0.0766751806198152,0.837436196605603,0,0.0858886227745818,0,0,0,0,0
"61","ACAACAGCATGAGCTA-1",0,1,0,0,0,0,0,0,0
"62","ACACCACATAATTAGC-1",0,1,0,0,0,0,0,0,0
"63","ACACCTTACTACTTGC-1",0,1,0,0,0,0,0,0,0
"64","ACACGAGACTCCTTCT-1",0.355075322323073,0.257036723109598,0,0,0.166537153788728,0,0.221350800778601,0,0
"65","ACACGGGAACTTAGGG-1",0,1,0,0,0,0,0,0,0
"66","ACAGTATACCGTGGGA-1",0.393766625722772,0.606233374277228,0,0,0,0,0,0,0
"67","ACATAATAAGGCGGTG-1",0,0.809928404482626,0,0,0.107735351433158,0,0.0823362440842158,0,0
"68","ACATCCCGGCCATACG-1",0,0.747791090440434,0,0,0.0553796001757926,0,0.196829309383773,0,0
"69","ACATCCTGGTAACTGT-1",0.0193420398757044,0.416455456024964,0,0,0.401631859115278,0,0.162570644984054,0,0
"70","ACATCGCAATATTCGG-1",0.990153898910311,0.00984610108968853,0,0,0,0,0,0,0
"71","ACATGGCGCCAAAGTA-1",0.20936796623105,0.302036916630734,0,0,0.166059825737897,0,0.322535291400319,0,0
"72","ACATTAGTTTATATCC-1",0,0.149272107806302,0,0.127300047750218,0.456238391029318,0,0.267189453414162,0,0
"73","ACCAAACACCCAGCGA-1",0,0.349670487965261,0,0,0.388857001841132,0,0.261472510193608,0,0
"74","ACCAACACCACACACT-1",0,1,0,0,0,0,0,0,0
"75","ACCAATATGCAAGTTA-1",0,0.44374119857667,0,0,0.397677282911526,0,0.158581518511804,0,0
"76","ACCACCAATGTAACAA-1",0,1,0,0,0,0,0,0,0
"77","ACCCGATTGGTTCCGA-1",0,1,0,0,0,0,0,0,0
"78","ACCCGGAAACTCCCAG-1",0,1,0,0,0,0,0,0,0
"79","ACCCGGATGACGCATC-1",0,0.791292664504437,0,0,0.208707335495563,0,0,0,0
"80","ACCCGTGTCATCAGTA-1",0,1,0,0,0,0,0,0,0
"81","ACCCTGGTAACGCCCT-1",0,1,0,0,0,0,0,0,0
"82","ACCCTTCATCTGCGAA-1",0,0.55420831164998,0,0.140119662963183,0.305672025386837,0,0,0,0
"83","ACCGATGGTAGCATCG-1",0,1,0,0,0,0,0,0,0
"84","ACCGCTAGTCATTGGT-1",0,1,0,0,0,0,0,0,0
"85","ACCGTGACCACGTGGG-1",0,1,0,0,0,0,0,0,0
"86","ACCTAAGTACCTTTCA-1",0,1,0,0,0,0,0,0,0
"87","ACCTACAGTATGTGGT-1",0.137452784151307,0.862547215848693,0,0,0,0,0,0,0
"88","ACGAGGATACCACTCT-1",0,1,0,0,0,0,0,0,0
"89","ACGATACATAGAACTA-1",0.990523576336938,0.00947642366306241,0,0,0,0,0,0,0
"90","ACGATCATCTTGTAAA-1",0,1,0,0,0,0,0,0,0
"91","ACGCAATCACTACAGC-1",0,1,0,0,0,0,0,0,0
"92","ACGCCAGATGATTTCT-1",0,0.922520443540991,0,0.0774795564590087,0,0,0,0,0
"93","ACGGAGCGCAAATTAC-1",0.108238805694611,0.891761194305389,0,0,0,0,0,0,0
"94","ACGGATGGTGCGGATA-1",0.127480130693841,0.350446991527446,0,0.0768106533193744,0.286614533681652,0,0.158647690777686,0,0
"95","ACGGCACTTGCTTGGG-1",0,0.226235825223545,0,0.30150005071555,0.34187764333177,0,0.130386480729135,0,0
"96","ACGGCCAACATGGACT-1",0,0.245023558927516,0,0.237783167127649,0.286816049115978,0,0.230377224828857,0,0
"97","ACGGGCGTATGCGACA-1",1,0,0,0,0,0,0,0,0
"98","ACGTACTTTGGCACGG-1",0,1,0,0,0,0,0,0,0
"99","ACGTGACAAAGTAAGT-1",0.976619933792663,0,0,0.0233800662073368,0,0,0,0,0
"100","ACGTGCGCCTCGTGCA-1",0,0.791727461538968,-7.73385691654496e-19,0,0.116608602245233,0,0.091663936215799,0,0
"101","ACGTTCACTATGCCGC-1",0,1,0,0,0,0,0,0,0
"102","ACGTTGTCGTTGAAAG-1",0,1,0,0,0,0,0,0,0
"103","ACGTTTAGTTGTGATC-1",0.165395092780286,0.28569676913768,0,0,0.397096542375246,0,0.151811595706788,0,0
"104","ACTACCATCCGAGGGC-1",0.739710282269266,0.175802156760542,0,0,0,0,0.0844875609701915,0,0
"105","ACTATCCAGGGCATGG-1",0,1,0,0,0,0,0,0,0
"106","ACTATTCGTCCGTGGT-1",0,0.319191443022244,0,0,0.293154330418424,0,0.387654226559332,0,0
"107","ACTCAATAAAGGCACG-1",0.509783905881672,0.490216094118328,0,0,0,0,0,0,0
"108","ACTCCCGTAGACTAGG-1",0,1,0,0,0,0,0,0,0
"109","ACTCCCTAATGCTAAA-1",0.0324339998775649,0.967566000122435,0,0,0,0,0,0,0
"110","ACTCGTAACCCGTCCT-1",0.747368202065652,0.214176354155041,0,0.038455443779307,0,0,0,0,0
"111","ACTGAAACGCCGTTAG-1",0,0.708809473215524,0.0706671901723335,0,0,0,0.220523336612142,0,0
"112","ACTGCCGTCGTAACTC-1",0.0797935226320156,0.768237411699642,0,0.067940321895146,0.0840287437731961,0,0,0,0
"113","ACTGCTCGGAAGGATG-1",0.762491891869081,0,0,0.237508108130919,0,0,0,0,0
"114","ACTGTACGATACACAT-1",0.993703363953294,0.0062966360467066,0,0,0,0,0,0,0
"115","ACTTATACTTACCCGG-1",0.155252395332898,0.733036914366921,0,0,0.111710690300181,0,0,0,0
"116","ACTTCGCTAGCGAGTG-1",0,1,0,0,0,0,0,0,0
"117","AGAAGAGCGCCGTTCC-1",0,1,0,0,0,0,0,0,0
"118","AGAAGGTACACTTCAC-1",0.00521274477507301,0.994787255224927,0,0,0,0,0,0,0
"119","AGAAGTGATTCGTGAT-1",0,1,0,0,0,0,0,0,0
"120","AGACCAAACCACACCT-1",0.810944050499474,0,0,0.189055949500526,0,0,0,0,0
"121","AGACGACGATGCCGCT-1",0,1,0,0,0,0,0,0,0
"122","AGAGAAACACCAGAAA-1",0,0.817332906661392,0.182667093338608,0,0,0,0,0,0
"123","AGAGAAGGAGTACAAT-1",0,1,0,0,0,0,0,0,0
"124","AGAGCGCTTGTAACGG-1",0,0.64289907427457,0,0,0.128522646292424,0,0.228578279433006,0,0
"125","AGAGCGGGCTAATCAT-1",0,0.623505494619071,0,0.0779427359118396,0.298551769469089,0,0,0,0
"126","AGAGTATAGTGTTACG-1",0.889100024146093,0,0,0.110899975853907,0,0,0,0,0
"127","AGATACCAGCACTTCA-1",0,0.187496499426595,0,0.177077567564992,0.461932966450578,0,0.173492966557835,0,0
"128","AGATCGTGCATAAGAT-1",0.890770509156998,0,0,0.109229490843002,0,0,0,0,0
"129","AGATCTCAGGTGTGAT-1",0,1,0,0,0,0,0,0,0
"130","AGATGAGGGTTGCGAT-1",0,0.14328629308174,0,0,0.219477169822317,0,0.637236537095943,0,0
"131","AGCAGCCAGATGAATA-1",0.127793867506759,0.810762656320575,0,0,0,0,0.0614434761726653,0,0
"132","AGCCCTAAGCGAAGTT-1",0.787292485082605,0.0583183051543248,0,0,0.0668912762093563,0,0.0874979335537143,0,0
"133","AGCCCTTCTAATCCGA-1",0,1,0,0,0,0,0,0,0
"134","AGCCGTGGCTAAATGT-1",0,0.749877795515706,0,0.250122204484294,0,0,0,0,0
"135","AGCCTAATACCCACGT-1",0,1,0,0,0,0,0,0,0
"136","AGCGCATAATGAATCG-1",0,1,0,0,0,0,0,0,0
"137","AGCGCGGGTGCCAATG-1",0,1,0,0,0,0,0,0,0
"138","AGCGGCGGTTAGCGGT-1",0,0.991768981389679,0.00823101861032128,0,0,0,0,0,0
"139","AGCGGTTGCCGCTCTG-1",0,1,0,0,0,0,0,0,0
"140","AGCTAAGCTCCGTCCG-1",0.147248438882021,0.852751561117979,0,0,0,0,0,0,0
"141","AGCTAGAAGCAGAAGT-1",0,1,0,0,0,0,0,0,0
"142","AGCTATTTAATCCAAC-1",0.125509635346856,0.736190149801226,0,0,0.138300214851918,0,0,0,0
"143","AGCTCTTCCCAGTGCA-1",0,1,0,0,0,0,0,0,0
"144","AGCTCTTCGTAACCTT-1",0,1,0,0,0,0,0,0,0
"145","AGCTGAAGTAAACCAA-1",0,1,0,0,0,0,0,0,0
"146","AGGACGCTCGATGTTG-1",0,1,0,0,0,0,0,0,0
"147","AGGAGAGTCTGGCTAC-1",0,1,0,0,0,0,0,0,0
"148","AGGATAAAGTCGGGAT-1",0,0.335916116219133,0,0.115465762350238,0.352481159157007,0,0.196136962273622,0,0
"149","AGGATCACGCGATCTG-1",0,1,0,0,0,0,0,0,0
"150","AGGATTGCTTACGACA-1",0,1,0,0,0,0,0,0,0
"151","AGGCCACATTGGTTAC-1",0.368253953007138,0.631746046992862,0,0,0,0,0,0,0
"152","AGGCGTCTATGGACGG-1",0,0,0,0.109178845651766,0.574196007670798,0,0.316625146677436,0,0
"153","AGGGACTCTACGCGAC-1",0,1,0,0,0,0,0,0,0
"154","AGGGAGACATACTTCG-1",1,0,0,0,0,0,0,0,0
"155","AGGGTCAGAGCACTCG-1",0,1,0,0,0,0,0,0,0
"156","AGGGTCAGTAACCCTA-1",0,0.0974116625897584,0,0,0.635006632224196,0,0.267581705186046,0,0
"157","AGGGTCGATGCGAACT-1",0,0.92359801248672,0,0,0.0764019875132797,0,0,0,0
"158","AGGGTGCTCTCGAGGG-1",0,1,0,0,0,0,0,0,0
"159","AGGGTTCAGACGGTCC-1",0,1,0,0,0,0,0,0,0
"160","AGGTACGATATTGCCA-1",0,0.0704513899399019,0,0,0.513106045963901,0,0.416442564096197,0,0
"161","AGGTTACACCATGCCG-1",0.0783736026843248,0.921626397315675,0,0,0,0,0,0,0
"162","AGTACATCATTTATCA-1",0,1,0,0,0,0,0,0,0
"163","AGTAGGAAGGAAGTTG-1",0.148651753384249,0.147341209847511,0,0.1608430118283,0.25520702614113,0,0.287956998798811,0,0
"164","AGTATTTGGCACGACC-1",0.0927371389132311,0.7167791488697,0,0,0.0907575716322372,0,0.0997261405848321,0,0
"165","AGTCAAATGATGTGAT-1",0,0.715873966159826,-4.6698208240649e-20,0,0,0,0,0.284126033840174,0
"166","AGTCCCGCCTTTAATT-1",0,1,0,0,0,0,0,0,0
"167","AGTCGACGGTCTCAAG-1",0,1,0,0,0,0,0,0,0
"168","AGTCGGTTGCGTGAGA-1",0.358732570493717,0.641267429506283,0,0,0,0,0,0,0
"169","AGTCGTGGGCATTACG-1",0,1,0,0,0,0,0,0,0
"170","AGTCTAAAGTATACTC-1",0,1,0,0,0,0,0,0,0
"171","AGTCTCACAAGACTAC-1",0,1,0,0,0,0,0,0,0
"172","AGTCTTCTCCTCAAAT-1",0,1,0,0,0,0,0,0,0
"173","AGTGAAGATGGTGTCC-1",0.459257845393746,0.540742154606254,0,0,0,0,0,0,0
"174","AGTGAGACTTCCAGTA-1",0,0.684524724631504,0,0,0.246467738370611,0,0.0690075369978848,0,0
"175","AGTGAGCCTCGCCGCC-1",0,0.785538631977308,0,0,0.214461368022692,0,0,0,0
"176","AGTGATTCAAGCAGGA-1",0,1,0,0,0,0,0,0,0
"177","AGTGGCGGCAATTTGA-1",0.956536733976584,0,0,0,0.0434632660234155,0,0,0,0
"178","AGTGTATTGCGCATTG-1",0,1,0,0,0,0,0,0,0
"179","AGTTAAGCGGTCCCGG-1",0,1,0,0,0,0,0,0,0
"180","AGTTAAGTCAACCGCT-1",0,0.779355216231186,0.220644783768814,0,0,0,0,0,0
"181","AGTTACTCTATCGTGG-1",0,0.035903494929373,0,0,0.40728407569688,0,0.556812429373747,0,0
"182","AGTTTATGTAAAGACA-1",0.779568402153005,0,0,0.107049916309979,0,0,0.113381681537016,0,0
"183","AGTTTGCACCTGCCTC-1",0,1,0,0,0,0,0,0,0
"184","ATAACGCCGGAGGGTC-1",0.194623801701212,0.525943181377246,0,0,0.174624212183702,0,0.10480880473784,0,0
"185","ATAAGTAGGGCGACTC-1",0,1,0,0,0,0,0,0,0
"186","ATACAGCGTCCACTGA-1",0,1,0,0,0,0,0,0,0
"187","ATACAGGCCCTCCAAT-1",0,0.255697285996338,0,0.120415097432561,0.291144755068576,0,0.332742861502525,0,0
"188","ATACCGTCATCCATAA-1",0,0.179419105052175,0,0,0.457533103383816,0,0.363047791564009,0,0
"189","ATACCTAACCAAGAAA-1",0,1,0,0,0,0,0,0,0
"190","ATACGGGTTTCGATTG-1",0.803743122029219,0,0,0.196256877970781,0,0,0,0,0
"191","ATACGTACTTAGCCAC-1",0,0.523587193175774,0,0,0.0984120772270589,0,0.378000729597168,0,0
"192","ATACTAGCATGACCCT-1",0,1,0,0,0,0,0,0,0
"193","ATAGGGATATCCTTGA-1",0.563278804834725,0.186282284712653,0,0,0,0,0.250438910452622,0,0
"194","ATAGTTCCACCCACTC-1",0.151130610393994,0.848869389606006,0,0,0,0,0,0,0
"195","ATATAAAGCGCTCGTG-1",0,1,0,0,0,0,0,0,0
"196","ATATAAATGTAGCTGC-1",0,0.233945635695965,0,0.173496975839428,0.40093166389627,0,0.191625724568337,0,0
"197","ATATACATGTATGGTA-1",0,1,0,0,0,0,0,0,0
"198","ATATCAACCTACAGAG-1",0,1,0,0,0,0,0,0,0
"199","ATATCGGTAGGGAGAT-1",0.990305108362794,0.00969489163720619,0,0,0,0,0,0,0
"200","ATATCTCCCTCGTTAA-1",0,1,0,0,0,0,0,0,0
"201","ATATGTCTCCCTAGCC-1",0,1,0,0,0,0,0,0,0
"202","ATCACATTAGAATATC-1",0.988809576074126,0.0111904239258741,0,0,0,0,0,0,0
"203","ATCACTTCATCCTCGC-1",0.0553112999214294,0.944688700078571,0,0,0,0,0,0,0
"204","ATCAGAAGCTGGTTGC-1",0,1,0,0,0,0,0,0,0
"205","ATCAGCTCGTCCACTA-1",0,1,0,0,0,0,0,0,0
"206","ATCAGGTAGCTGACAG-1",0,1,0,0,0,0,0,0,0
"207","ATCAGTAGGCAGGGAT-1",0.958811526710376,0,0,0.0411884732896245,0,0,0,0,0
"208","ATCCTTCTGAAAGAAC-1",0,1,0,0,0,0,0,0,0
"209","ATCGACTCTTTCCGTT-1",0,1,0,0,0,0,0,0,0
"210","ATCGCTGCGTGCAGCA-1",0,1,0,0,0,0,0,0,0
"211","ATCGGCAAGCAGTCCA-1",0.975194602611244,0,0,0.0248053973887562,0,0,0,0,0
"212","ATCTAATATCCTACGG-1",0,0.349196460957947,0,0,0.420135535095948,0,0.230668003946106,0,0
"213","ATCTCCCTGCAATCTA-1",0,1,0,0,0,0,0,0,0
"214","ATCTCGTGAGCGAAAC-1",0,0.741022596501382,0,0,0.258977403498618,0,0,0,0
"215","ATCTGACATGGAAGGA-1",0,1,0,0,0,0,0,0,0
"216","ATCTGCACCTCTGCGA-1",0,0.482583897580379,0.517416102419621,0,0,0,0,0,0
"217","ATCTTTCGTATAACCA-1",0,1,0,0,0,0,0,0,0
"218","ATGACGCGTTCTATCC-1",0.269336788484394,0.730663211515606,0,0,0,0,0,0,0
"219","ATGCATGATCCAGGAT-1",0,1,0,0,0,0,0,0,0
"220","ATGCCAATCGCTCTGC-1",0.259913667626766,0.142154155551918,0,0,0.387946914175498,0,0.209985262645819,0,0
"221","ATGCCGGTCTTGCATA-1",0,1,0,0,0,0,0,0,0
"222","ATGCCGGTTGATGGGA-1",0,1,0,0,0,0,0,0,0
"223","ATGCGACAATTGGTCC-1",0,0.302442962198557,0,0,0.697557037801443,0,0,0,0
"224","ATGGAAATTTAAGGAG-1",0.959034037310822,0,0,0.0409659626891783,0,0,0,0,0
"225","ATGGACTGCTTAGTTG-1",0,1,0,0,0,0,0,0,0
"226","ATGGATCCGGCGTCCG-1",0.756440439649674,0.243559560350326,0,0,0,0,0,0,0
"227","ATGTCTTGTTTGACTC-1",0.637116336380333,0.362883663619667,0,0,0,0,0,0,0
"228","ATTAATACTACGCGGG-1",0,1,0,0,0,0,0,0,0
"229","ATTAATTCGGTCACTC-1",0,0.56968685996883,0,0,0.180103394932398,0,0.250209745098773,0,0
"230","ATTACCACACTGCCTG-1",0,1,0,0,0,0,0,0,0
"231","ATTACGACTCCACAGT-1",0,0.410975654641958,0,0,0.349386459031662,0,0.23963788632638,0,0
"232","ATTATACTTTGCTCGT-1",0.0993644879474706,0.900635512052529,0,0,0,0,0,0,0
"233","ATTATTATGTCCGTCA-1",0,1,0,0,0,0,0,0,0
"234","ATTCACTGATGTTGGA-1",0.168569453255333,0.384197272520938,0,0,0.162985914612736,0,0.284247359610994,0,0
"235","ATTCAGGACCTATTTC-1",0,1,0,0,0,0,0,0,0
"236","ATTCCCGAAGGTACAG-1",0,1,0,0,0,0,0,0,0
"237","ATTCCTAAGACGTGGA-1",0,0,0,0,1,0,0,0,0
"238","ATTCGTGCTATCTCTT-1",0,0.881752871084116,0,0,0.118247128915884,0,0,0,0
"239","ATTGACCGGCGATGAC-1",0.767142164392775,0,0,0,0.232857835607225,0,0,0,0
"240","ATTGATCACCACATTT-1",0,1,0,0,0,0,0,0,0
"241","ATTGTACAACTCGGCT-1",0,1,0,0,0,0,0,0,0
"242","ATTGTCGCAATACCTT-1",0,0.206195896160262,0,0.172188771982485,0.457053156947698,0,0.164562174909555,0,0
"243","ATTTCATTATTTCGCG-1",0,0.443810722077627,0,0.11425299007987,0.207884793991835,0,0.234051493850668,0,0
"244","ATTTGCGCGAGTAGCT-1",0,1,0,0,0,0,0,0,0
"245","ATTTGGAGATTGCGGT-1",0,1,0,0,0,0,0,0,0
"246","ATTTGTTCCAGGGCTC-1",0.388112939237487,0.611887060762513,0,0,0,0,0,0,0
"247","CAAACTACGATAGAGA-1",0,0.137699914547177,0,0.223060015686268,0.537462733262496,0,0.101777336504059,0,0
"248","CAAACTATTGAGCTTC-1",0,0.0880035504245618,0,0,0.288731415348389,0,0.623265034227049,0,0
"249","CAAACTCGCGACGCCG-1",0,0.253079687935118,0,0,0.517533278212096,0,0.229387033852786,0,0
"250","CAAAGATTATTGGGCC-1",0,1,0,0,0,0,0,0,0
"251","CAAAGGTCATCTGAAA-1",0.525626641582078,0.474373358417922,0,0,0,0,0,0,0
"252","CAAATTGGATTATGCC-1",0,0.700231406069706,0,0,0.299768593930294,0,0,0,0
"253","CAAATTGTCAGCAAGC-1",0,0.273244731617251,0,0,0.726755268382749,0,0,0,0
"254","CAACGCGATGAGCCAA-1",0.473722706299381,0.526277293700619,0,0,0,0,0,0,0
"255","CAACTATATCGAATGC-1",0,0.250756538455478,0,0,0.442662962613204,0,0.306580498931317,0,0
"256","CAAGACTCAGAAGCGC-1",0.94033899849935,0,0,0.0596610015006505,0,0,0,0,0
"257","CAAGCACCAAATGCCT-1",0,1,0,0,0,0,0,0,0
"258","CAAGCGGCACATAATT-1",0,0.148841611999889,0,0.170406696365364,0.305469101388626,0,0.375282590246121,0,0
"259","CAATACGAGAGTCTGA-1",0.13492358496434,0.86507641503566,0,0,0,0,0,0,0
"260","CAATGAGGTTCGACTA-1",0,1,0,0,0,0,0,0,0
"261","CACAAGAAAGATATTA-1",0,0.239684083916819,0,0,0.364482599804766,0,0.395833316278415,0,0
"262","CACACAGCTTGCGCTC-1",0,0.77337546054748,0,0,0.22662453945252,0,0,0,0
"263","CACACGCGCTGTCTTA-1",0,1,0,0,0,0,0,0,0
"264","CACAGCTAGGGAGTGA-1",0,1,0,0,0,0,0,0,0
"265","CACATCGTGCACGCGC-1",0,1,0,0,0,0,0,0,0
"266","CACATCTCACCGACGA-1",0,0.798606666601291,0,0,0.112138800934794,0,0.0892545324639152,0,0
"267","CACATTCTTTCGATGG-1",0,1,0,0,0,0,0,0,0
"268","CACCAATCATCCGTCT-1",0,0.811496165954936,0.0103398738671368,0,0.178163960177927,0,0,0,0
"269","CACCCACGAGGCAATT-1",0,1,0,0,0,0,0,0,0
"270","CACCCTAACAAGATCT-1",0,0.225070026093178,0,0.155992802895723,0.329268007500945,0,0.289669163510153,0,0
"271","CACCCTTGGTGAGACC-1",0,0.96552671921897,0,0,0,0,0,0.0344732807810304,0
"272","CACCGCCAGAAGGTTT-1",0,1,0,0,0,0,0,0,0
"273","CACCGCGTCCACTCTA-1",0,0.177013369059418,0,0,0.459785500965491,0,0.363201129975091,0,0
"274","CACCTAATCAGTTTAC-1",0.549866083921656,0.364318342492469,0,0,0,0,0.0858155735858745,0,0
"275","CACCTCGATGGTGGAC-1",0.118057743995466,0.881942256004534,0,0,0,0,0,0,0
"276","CACCTTGGCGCCTTTG-1",0,0.245318278800486,0,0,0.754681721199514,0,0,0,0
"277","CACGGCGCGCCAAAGG-1",0,0.373741299709572,0.150957179522871,0,0.397471575336564,0,0.0778299454309941,0,0
"278","CACTCCTCTCGGTCGG-1",0,0,0,0,1,0,0,0,0
"279","CACTCTCAAGCATCGA-1",0.0306672527000385,0.969332747299962,0,0,0,0,0,0,0
"280","CACTGACGATTGTGGA-1",0,1,0,0,0,0,0,0,0
"281","CAGAGCATGAGCTTGC-1",0.334408901723327,0.665591098276673,0,0,0,0,0,0,0
"282","CAGATCATTTAAAGTC-1",0,0.811747313826227,0.188252686173773,0,0,0,0,0,0
"283","CAGATGTTTGTCCCAA-1",0,1,0,0,0,0,0,0,0
"284","CAGCCTCTCCTCAAGA-1",0,0.132662516708256,0.0726179954887764,0,0.794719487802967,0,0,0,0
"285","CAGCTCTGGGCTCACT-1",0,0.946391897870255,0.0536081021297454,0,0,0,0,0,0
"286","CAGCTGGCGTAACCGT-1",0,1,0,0,0,0,0,0,0
"287","CAGGAAGACTTTATAT-1",0,0.106861199565072,0,0,0.662600066070822,0,0.230538734364106,0,0
"288","CAGTAACTATTTATTG-1",0.991184470506398,0.00881552949360211,0,0,0,0,0,0,0
"289","CAGTACATTCTCTAAA-1",0.796704935783865,0,0,0.177964491241566,0,0,0.0253305729745684,0,0
"290","CAGTACCAGTTTACGT-1",0,1,0,0,0,0,0,0,0
"291","CAGTAGCCCACGCGGT-1",0.614755446014333,0.158954463704051,0,0.180451878835104,0,0,0.045838211446512,0,0
"292","CAGTTCGAGGACCCGA-1",0,1,0,0,0,0,0,0,0
"293","CATAACGGACAGTCGT-1",0,1,0,0,0,0,0,0,0
"294","CATAAGAAGCTTGGCT-1",0,1,0,0,0,0,0,0,0
"295","CATACACAAAGTCAGC-1",0.542738237273453,0,0,0.457261762726547,0,0,0,0,0
"296","CATAGTACATTGAGAG-1",0,0.119364259353335,0,0.173672422675605,0.56437511643277,0,0.14258820153829,0,0
"297","CATATACTACTGATAA-1",0,1,0,0,0,0,0,0,0
"298","CATATGTCAGGCTACG-1",0,1,0,0,0,0,0,0,0
"299","CATCAAACTGGCGCCC-1",0.0426788232830754,0.208047370505534,0,0,0.321884134892672,0,0.427389671318718,0,0
"300","CATCTAGTGAAGGGAA-1",0.793335695519532,0.206664304480468,0,0,0,0,0,0,0
"301","CATCTATCCCGTGTCT-1",0,1,0,0,0,0,0,0,0
"302","CATCTTACACCACCTC-1",0,1,0,0,0,0,0,0,0
"303","CATGACTTCGCTGAAT-1",0.0969748653104708,0.687207007900784,0,0,0.215818126788745,0,0,0,0
"304","CATGAGTCCATCACGG-1",0,1,0,0,0,0,0,0,0
"305","CATGATGCACAATTCT-1",0,1,0,0,0,0,0,0,0
"306","CATGCGTTAGACAGAA-1",0,0.983832714372959,0.016167285627041,0,0,0,0,0,0
"307","CATGGGTCGGGTGTGG-1",0,1,0,0,0,0,0,0,0
"308","CATGGTCTAGATACCG-1",0,1,0,0,0,0,0,0,0
"309","CATGTAGGAGCGCCAA-1",0,0.153291133390629,0,0,0.721972154162391,0,0.12473671244698,0,0
"310","CATTACATAGATTGTG-1",0,1,0,0,0,0,0,0,0
"311","CATTACGTCGGCCCGT-1",0,1,0,0,0,0,0,0,0
"312","CATTGCGGGTCAATTC-1",0,1,0,0,0,0,0,0,0
"313","CCAACCTTATGTAACT-1",0,1,0,0,0,0,0,0,0
"314","CCAACTTGATAGATCC-1",0.199875210032562,0.800124789967438,0,0,0,0,0,0,0
"315","CCAAGACTTCTGCGAA-1",0.482583068963194,0.340547998675033,0,0,0.114863733085197,0,0.0620051992765752,0,0
"316","CCAATCGGTAGATCGA-1",0,0.382762796096901,0,0,0.357868666772238,0,0.259368537130861,0,0
"317","CCAATTACGGGTCGAG-1",0,1,0,0,0,0,0,0,0
"318","CCACGAATTTAACCTC-1",0.102953275769036,0.897046724230964,0,0,0,0,0,0,0
"319","CCACGAGAAGAGAATC-1",0,1,0,0,0,0,0,0,0
"320","CCACGGCAGGTGTAGG-1",0.756212131890905,0,0,0.243787868109095,0,0,0,0,0
"321","CCACTATCCGGGTCAC-1",0,1,0,0,0,0,0,0,0
"322","CCAGATGTAAATGGGT-1",0,0.360017232099637,0,0.107573486951831,0.335904682099188,0,0.196504598849345,0,0
"323","CCAGTAGTCTGATCCA-1",0.639202865480198,0,0,0.360797134519802,0,0,0,0,0
"324","CCATAAACAACCCGAC-1",0,0.488209804703586,0,0,0.27391281664708,0,0.237877378649334,0,0
"325","CCATAACCTGTGCAGT-1",0,0.647731226355324,0.142113696956266,0,0.210155076688411,0,0,0,0
"326","CCATAGGTTGGCGTGG-1",0,0.533308557993127,0.180181877395911,0,0.141415405719884,0,0.145094158891077,0,0
"327","CCATCTCACCAGTGAA-1",0.200031959092968,0.521323635073362,0.0893170422592848,0,0.102266501661447,0,0.0870608619129385,0,0
"328","CCATGGCAAACGCTCA-1",0,1,0,0,0,0,0,0,0
"329","CCATTGTTTCCTCCAT-1",0.843656273256584,0,0,0.156343726743416,0,0,0,0,0
"330","CCATTTCTACCTATTA-1",0,0.257305602993324,0,0.123287205066706,0.247235138234023,0,0.372172053705948,0,0
"331","CCCAAACATGCTGCTC-1",0,1,0,0,0,0,0,0,0
"332","CCCAATGAGATTTGCA-1",0,1,0,0,0,0,0,0,0
"333","CCCACTCCACGGTATC-1",0,1,0,0,0,0,0,0,0
"334","CCCAGAGGAGGGCGTA-1",0,0.707775069623455,0.292224930376545,0,0,0,0,0,0
"335","CCCAGATTCCCGTGAC-1",0,1,0,0,0,0,0,0,0
"336","CCCAGTAAACTTGGGA-1",0,1,0,0,0,0,0,0,0
"337","CCCGACCATAGTCCGC-1",0.496056125785822,0.503943874214178,0,0,0,0,0,0,0
"338","CCCGCAGGGCCCAAAG-1",0,0.148661365580414,0,0.173061553383388,0.343988937351646,0,0.334288143684552,0,0
"339","CCGAAACACGACCTCT-1",0,1,0,0,0,0,0,0,0
"340","CCGAAGGGCGTACCGC-1",0.594840753296305,0.241728527639189,0,0.0900271455784358,0,0,0.0734035734860702,0,0
"341","CCGAGAAGTCGCATAA-1",0,0.651166195225882,0,0,0.181926843160961,0,0.166906961613156,0,0
"342","CCGAGCTGTGCTTGTC-1",0.0737917471452786,0.926208252854721,0,0,0,0,0,0,0
"343","CCGATCTCAACCTTAT-1",0,1,0,0,0,0,0,0,0
"344","CCGCATGTGGTACGAT-1",0.176734624420091,0.484536305269416,0,0,0.184032890675264,0,0.154696179635229,0,0
"345","CCGCCGTTGAGGATAA-1",0.13620229359597,0.86379770640403,0,0,0,0,0,0,0
"346","CCGCCTGCGAATTGGT-1",0,0.134387434493275,0,0,0.589205697229493,0,0.276406868277232,0,0
"347","CCGCTTGCTGACATGG-1",0,1,0,0,0,0,0,0,0
"348","CCGGAAGTTATCAGTC-1",0.0988990648117521,0.715032713297625,0,0,0.186068221890622,0,0,0,0
"349","CCGGAGCGTACTTTCT-1",0,1,0,0,0,0,0,0,0
"350","CCGGAGGTCTTATGGT-1",0,0.703154560474819,0,0,0.136839204560272,0,0.160006234964909,0,0
"351","CCGGGCGGTCTCGTCA-1",0,0.900248445467162,0,0.0997515545328376,0,0,0,0,0
"352","CCGGGCTGCTCCATAC-1",0.719303799241678,0.0623670199518014,0,0,0.0983529601620173,0,0.119976220644503,0,0
"353","CCGGTAATGGCTAGTC-1",0,1,0,0,0,0,0,0,0
"354","CCGTAAGTTGGTCCCA-1",0.0325253699119953,0.739081108068541,0,0,0.058151876531474,0,0.17024164548799,0,0
"355","CCGTATTAGCGCAGTT-1",0,0.470232495757589,0,0.129617068766453,0.273461702811017,0,0.12668873266494,0,0
"356","CCGTTACGTTAGAACA-1",0,1,0,0,0,0,0,0,0
"357","CCTAAAGGCTGACGCT-1",0,0.452921533762142,-1.81668274004037e-19,0,0.25640009609775,0,0.290678370140108,0,0
"358","CCTAACTAAGGCTCTA-1",0,0.984417722296877,0.0155822777031234,0,0,0,0,0,0
"359","CCTAGGCGTAGCGATC-1",0,0.704856131692463,0,0,0.295143868307537,0,0,0,0
"360","CCTAGGTAAAGGTAGC-1",0,1,0,0,0,0,0,0,0
"361","CCTAGTTAGTCGCATG-1",0,0.340291700092185,0,0,0.501040475266477,0,0.158667824641338,0,0
"362","CCTATCTATATCGGAA-1",0,1,0,0,0,0,0,0,0
"363","CCTATGAAGTGGTGCC-1",0,1,0,0,0,0,0,0,0
"364","CCTATGGGTTACCGTC-1",0,1,0,0,0,0,0,0,0
"365","CCTCAACGATCGCTGT-1",0.50080048409333,0.248089393848228,0,0.070825238594691,0.0682130206768501,0,0.112071862786901,0,0
"366","CCTCACCTGAGGGAGC-1",0,1,0,0,0,0,0,0,0
"367","CCTCGAAGTGGACGGG-1",0,0.363983601173701,0.0806378560460276,0,0.336779362225362,0,0.218599180554909,0,0
"368","CCTCGCCAGCAAATTA-1",0,1,0,0,0,0,0,0,0
"369","CCTCGCGCGATATAGG-1",0.678859646185189,0.164231045230484,0,0.0805364800588799,0.0763728285254475,0,0,0,0
"370","CCTCGCGCTGTGCGAT-1",0.125193139602177,0.874806860397823,0,0,0,0,0,0,0
"371","CCTCGGTTTCCTTGCC-1",0.45177314780755,0.54822685219245,0,0,0,0,0,0,0
"372","CCTCTATCGATTAGCA-1",0,1,0,0,0,0,0,0,0
"373","CCTCTGGCCTAGACGG-1",0,0.286049426561319,0,0,0.107070310494965,0,0.606880262943715,0,0
"374","CCTCTGTACTATTCTA-1",0,0.402714980400162,0,0,0.354128686980948,0,0.24315633261889,0,0
"375","CCTGAACGATATATTC-1",0,1,0,0,0,0,0,0,0
"376","CCTGAGAATAAATGCA-1",0,1,0,0,0,0,0,0,0
"377","CCTGGAAACGTTCTGC-1",1,0,0,0,0,0,0,0,0
"378","CCTTCTTGATCCAGTG-1",0,1,0,0,0,0,0,0,0
"379","CCTTTAAGGGAGCACT-1",0,1,0,0,0,0,0,0,0
"380","CGAAACATAGATGGCA-1",0,0,0,0.123231398513984,0.559528405953271,0,0.317240195532745,0,0
"381","CGAACGCCCAGTGCCG-1",0,0.38396404272694,-1.93694547430191e-19,0,0.333320849539808,0,0.282715107733252,0,0
"382","CGAAGCTATAAATTCA-1",0.438949091960881,0.561050908039119,0,0,0,0,0,0,0
"383","CGAATGGTAGGTCGTC-1",0.815148209794269,0.184851790205731,0,0,0,0,0,0,0
"384","CGACCCTTAACGCCGG-1",0,1,0,0,0,0,0,0,0
"385","CGACCGTTGGTATTCG-1",0.843646664039607,0,0,0.0800419271053876,0,0,0.076311408855005,0,0
"386","CGACGCATCCGTACCT-1",1,0,0,0,0,0,0,0,0
"387","CGACTCAGGATGTTAT-1",0,1,0,0,0,0,0,0,0
"388","CGAGAGATGTGAACCT-1",0.455953854096483,0.544046145903517,0,0,0,0,0,0,0
"389","CGAGATTTCGCTCGGG-1",0,1,0,0,0,0,0,0,0
"390","CGAGCTGGGCTTTAGG-1",0.228872298206816,0.771127701793184,0,0,0,0,0,0,0
"391","CGAGGATCGGGAACGA-1",0,1,0,0,0,0,0,0,0
"392","CGAGGCTAAATATGGC-1",0,1,0,0,0,0,0,0,0
"393","CGAGTGAAGGTACCAG-1",0.992407365233854,0,0.00759263476614564,0,0,0,0,0,0
"394","CGAGTTTATCGGACTG-1",0,1,0,0,0,0,0,0,0
"395","CGATAATACTCAGGTT-1",0.218885389811013,0.781114610188987,0,0,0,0,0,0,0
"396","CGATCCTCGCAACATA-1",-1.13267686942379e-18,1,0,0,0,0,0,0,0
"397","CGATGGACCCTACGCC-1",0,0.752861118522033,-7.33201572129534e-19,0,0.247138881477967,0,0,0,0
"398","CGATTAAATATCTCCT-1",0.05020646851267,0.94979353148733,0,0,0,0,0,0,0
"399","CGATTCGCCTGGCTGC-1",0,0.772026089492938,0,0,0.151412431413933,0,0.0765614790931282,0,0
"400","CGCACGTCTGTTTATG-1",0.193312830502584,0.672624486878496,0,0.134062682618921,0,0,0,0,0
"401","CGCACGTGCGCTATCA-1",0,0.312083222959893,0,0.102462405490256,0.585454371549851,0,0,0,0
"402","CGCAGATCTTCACCCG-1",0,1,0,0,0,0,0,0,0
"403","CGCATCCATCAGCCAG-1",0,1,0,0,0,0,0,0,0
"404","CGCCACAGGTCGCGAT-1",0,1,0,0,0,0,0,0,0
"405","CGCCCGCTTCCGTACA-1",0,1,0,0,0,0,0,0,0
"406","CGCCTTTAGCATGCTC-1",0,1,0,0,0,0,0,0,0
"407","CGCGAGAGGGACTTGT-1",0,0.310429021993228,0,0,0.461735153453915,0,0.227835824552857,0,0
"408","CGCGCCCGACTTAATA-1",0.410278257755149,0.479301985072287,0,0,0,0,0.110419757172564,0,0
"409","CGCGGTAAGTCTAGCT-1",1,0,0,0,0,0,0,0,0
"410","CGCGGTCACAAACCAA-1",0,1,0,0,0,0,0,0,0
"411","CGCTAGAGACCGCTGC-1",0,0.605183277739011,0,0,0.394816722260989,0,0,0,0
"412","CGCTTAGTATTGATAC-1",0.189810464596505,0.53514070075373,0,0,0,0,0.275048834649765,0,0
"413","CGGAAAGAATCAAACG-1",0,1,0,0,0,0,0,0,0
"414","CGGAGCAATTTAATCG-1",0,0.46102861776263,0,0,0.216702967369152,0,0.322268414868218,0,0
"415","CGGATTCTGCCTTATG-1",0,1,0,0,0,0,0,0,0
"416","CGGCCAGAGCGACCAT-1",0,1,0,0,0,0,0,0,0
"417","CGGCCCAACCTGTAGT-1",0,1,0,0,0,0,0,0,0
"418","CGGCTCTAAAGCTGCA-1",0,0.527787830496729,0,0,0.31152511976,0,0.160687049743271,0,0
"419","CGGGATCAATGTAAGA-1",0,1,0,0,0,0,0,0,0
"420","CGGGTGTACCCATTTA-1",0,1,0,0,0,0,0,0,0
"421","CGGTACGGCAAACCCA-1",0.579942925675539,0.25878630241735,0,0,0.0827172550843282,0,0.0785535168227823,0,0
"422","CGGTAGAGGTGCAGGT-1",0,1,0,0,0,0,0,0,0
"423","CGGTCCATGAGACTCC-1",0.646823461280144,0.160710972738795,0,0,0,0,0.192465565981061,0,0
"424","CGGTCTATCAACCCGT-1",0,1,0,0,0,0,0,0,0
"425","CGGTGGGCTCCAGCCT-1",0.176046573862919,0.311454248242784,0,0,0.512499177894297,0,0,0,0
"426","CGGTTCAAGTAGGTGT-1",0,0.681027141737741,0,0,0.144216485944833,0,0.174756372317426,0,0
"427","CGTAACTTCGACACTT-1",0.0873026891509153,0.805033105871376,0,0,0,0,0.107664204977709,0,0
"428","CGTACCTGATAGGCCT-1",0.38471975941067,0.61528024058933,0,0,0,0,0,0,0
"429","CGTAGCGAATTGTCAG-1",0,0.357234112592477,0,0,0.308188452903421,0,0.334577434504102,0,0
"430","CGTCAAATGGTCGCAG-1",0,0.382039371784917,0,0,0.46274996594,0,0.155210662275083,0,0
"431","CGTCGGATAGTGTTGA-1",0,1,0,0,0,0,0,0,0
"432","CGTCGTCCTTCGCGAA-1",0,0.730227816555328,0,0,0.176385256758598,0,0.0933869266860733,0,0
"433","CGTCTGGAAGGGCCCG-1",0,0.823177174830408,0,0,0.176822825169592,0,0,0,0
"434","CGTGAACTGACCCGAT-1",0,1,0,0,0,0,0,0,0
"435","CGTGACATTGGGTCGT-1",0,0.236582517804242,0,0.253959258689758,0.509458223505999,0,0,0,0
"436","CGTGGAAGCCTCGTAC-1",0,0.795965099097299,0,0,0.204034900902701,0,0,0,0
"437","CGTGGTACCCAAAGGC-1",0.177658630332375,0.822341369667625,0,0,0,0,0,0,0
"438","CGTTAGCTCACAACTG-1",0,0.167680784595242,0,0.140437947593552,0.351315212705477,0,0.340566055105729,0,0
"439","CGTTCAAGGAAACGGA-1",0,1,0,0,0,0,0,0,0
"440","CGTTCATGGTGCGCGT-1",0,1,0,0,0,0,0,0,0
"441","CGTTCTTCGCACACCT-1",0.459985423391655,0.408488135118127,0,0,0,0,0.131526441490218,0,0
"442","CGTTGAATACCGCGCT-1",0,0.626727432196719,-2.14375528428034e-19,0,0.23663422487061,0,0.136638342932672,0,0
"443","CGTTGTAAGATTGATT-1",1,0,0,0,0,0,0,0,0
"444","CGTTTACAAGGCAGCT-1",0,1,0,0,0,0,0,0,0
"445","CGTTTCACTTCGGGCG-1",0,1,0,0,0,0,0,0,0
"446","CTAACAGCACAATAAC-1",0,1,0,0,0,0,0,0,0
"447","CTAATTCTCAGATATT-1",0,1,0,0,0,0,0,0,0
"448","CTACGCCATTTCCGAT-1",0,0.446200178494147,0,0,0.553799821505853,0,0,0,0
"449","CTAGCCCGGGAGACGA-1",0.253586981700028,0.746413018299972,0,0,0,0,0,0,0
"450","CTAGCTTAATGGTCCC-1",0.280864308906129,0.719135691093871,0,0,0,0,0,0,0
"451","CTAGGGATAGGGACAA-1",0,1,0,0,0,0,0,0,0
"452","CTAGGTCTGAAGGAAT-1",0,1,0,0,0,0,0,0,0
"453","CTAGGTTCGGACGTGA-1",0,1,0,0,0,0,0,0,0
"454","CTAGTATTCGGAATTA-1",0,0.438549164737152,0,0,0.453305104132338,0,0.10814573113051,0,0
"455","CTAGTTGGGCCCGGTA-1",0.230017440649691,0.769982559350309,0,0,0,0,0,0,0
"456","CTATAGGCGTTGATGT-1",0.987239704065724,0.012760295934276,0,0,0,0,0,0,0
"457","CTATTCATGTGTCCCA-1",0,0.295387499303901,0,0,0.569171732332201,0,0.135440768363898,0,0
"458","CTATTTGGTTACGGAT-1",0,1,0,0,0,0,0,0,0
"459","CTCAAACCACTGCCCG-1",0,1,0,0,0,0,0,0,0
"460","CTCACACGCAAGCCTA-1",0,0.255374155905214,0,0,0.622978455312605,0,0.121647388782181,0,0
"461","CTCAGTCACGACAAAT-1",0.73929798957832,0,0,0.0959841664029597,0.0602078421241438,0,0.104510001894577,0,0
"462","CTCATCACTTAGTGAT-1",0.907805833941664,0,0,0.0921941660583361,0,0,0,0,0
"463","CTCATGGTAATTTGCG-1",0,1,0,0,0,0,0,0,0
"464","CTCATTAACGTTGCCC-1",0.768067134580065,0,0,0,0,0,0.231932865419935,0,0
"465","CTCATTTGATGGGCGG-1",0,1,0,0,0,0,0,0,0
"466","CTCCTTTACGCAAGTC-1",0,1,0,0,0,0,0,0,0
"467","CTCGAGGCAAGTTTCA-1",0.599264477551981,0.400735522448019,0,0,0,0,0,0,0
"468","CTCGCACCTATATAGT-1",0.633153003943833,0.366846996056167,0,0,0,0,0,0,0
"469","CTCGGGATAACACCTA-1",0,1,0,0,0,0,0,0,0
"470","CTCGTTACGGCTACCA-1",0,1,0,0,0,0,0,0,0
"471","CTCTAATGCATTGATC-1",0.492389430964421,0.380740738517637,0,0,0,0,0.126869830517942,0,0
"472","CTCTGTTTGAGGATTC-1",0,0.254648333570396,0,0,0.28132877798246,0,0.464022888447144,0,0
"473","CTCTTCTGGAAGTTAG-1",0.352213702076761,0.555158389625623,0,0,0,0,0.092627908297616,0,0
"474","CTCTTGTCCCGCTTGG-1",0,0.693465963834171,0,0,0.124894818753037,0,0.181639217412791,0,0
"475","CTGAAAGAGATCCGAC-1",0.224730174588838,0.775269825411162,0,0,0,0,0,0,0
"476","CTGAATTTATTGCCAG-1",0,1,0,0,0,0,0,0,0
"477","CTGAGAAAGTTCGGCG-1",0,0.733132324669899,0,0,0.266867675330101,0,0,0,0
"478","CTGAGCGAGACTTATT-1",0,1,0,0,0,0,0,0,0
"479","CTGCACCTAGTCCACA-1",0,1,0,0,0,0,0,0,0
"480","CTGCACTCCAGTACAG-1",0,0.230696242670598,0,0,0.280164472881973,0,0.489139284447429,0,0
"481","CTGCCAAGGTTGGAAG-1",0.653172454028058,0.247786382719721,0,0,0.0990411632522209,0,0,0,0
"482","CTGCGTTACGATATAA-1",0,0.340400535636782,0.0906317606993308,0,0.568967703663887,0,0,0,0
"483","CTGCTGTCTAACGAGC-1",0,0.73849002143811,0,0,0.198983942287966,0,0.062526036273924,0,0
"484","CTGCTTTATGTCCGCG-1",0,1,0,0,0,0,0,0,0
"485","CTGGACGCAGTCCGGC-1",0,0.794703012723741,2.22067235212831e-18,0,0.205296987276259,0,0,0,0
"486","CTGGCATCCGAATGAG-1",0,1,0,0,0,0,0,0,0
"487","CTGGCGACATAAGTCC-1",0,1,0,0,0,0,0,0,0
"488","CTGGCGCACAGGTCTG-1",0,0.649050034184846,0,0,0.350949965815154,0,0,0,0
"489","CTGGCTGGTTGTCAGT-1",0,1,0,0,0,0,0,0,0
"490","CTGGGTTGAGTTAAAG-1",0.749027818133686,0,0,0.250972181866314,0,0,0,0,0
"491","CTGGTAACGAGCTCTT-1",0.491977102771606,0.349506927802424,0,0.15851596942597,0,0,0,0,0
"492","CTGTAGTGAGGATCGA-1",0,1,0,0,0,0,0,0,0
"493","CTGTCCTGCGCACTAC-1",0.130592048873764,0.869407951126236,0,0,0,0,0,0,0
"494","CTTAAGCAGCGAGCCG-1",0,0,1,0,0,0,0,0,0
"495","CTTAGTTGAGGAATCG-1",0,1,0,0,0,0,0,0,0
"496","CTTCTGGGCGTACCTA-1",0,1,0,0,0,0,0,0,0
"497","CTTGTGCTCACCGATT-1",0,1,0,0,0,0,0,0,0
"498","CTTTAACTTTCAAAGG-1",0.764376386314281,0.235623613685719,0,0,0,0,0,0,0
"499","CTTTCTGTGCGGGCTT-1",0,0.41978224901511,0,0,0.386692464866164,0,0.193525286118726,0,0
"500","CTTTGCTGTCATGGAT-1",0,0.928520780282791,0,0,0.0714792197172088,0,0,0,0
"501","GAAACCATGGTGCGCT-1",0,1,0,0,0,0,0,0,0
"502","GAAACTCTAATGAAGG-1",0,0.163943694548681,0,0,0.50569058858026,0,0.33036571687106,0,0
"503","GAAAGAACAGCGTTAT-1",0,1,0,0,0,0,0,0,0
"504","GAAAGCAGTGCACTTT-1",0.216175818392652,0.658491776622291,0,0,0.0392224075064593,0,0.0861099974785974,0,0
"505","GAAATATGCTTGAATG-1",0,0.111787647790755,0,0,0.888212352209245,0,0,0,0
"506","GAAATCGCGCGCAACT-1",0.132714952203438,0.867285047796562,0,0,0,0,0,0,0
"507","GAAATTAGCACGGATA-1",0,1,0,0,0,0,0,0,0
"508","GAACAGATTACTAAAT-1",0,0.85199284282724,0,0,0,0,0.14800715717276,0,0
"509","GAACGACCGAATGATA-1",0,0.85611474785994,0,0,0.14388525214006,0,0,0,0
"510","GAACGATAAGTTAAAG-1",0.884449877856661,0,0,0.115550122143339,0,0,0,0,0
"511","GAACGCGGGTCACACG-1",0,0.46896714603979,0,0,0.53103285396021,0,0,0,0
"512","GAACTTGTGCACGGGA-1",0,0.377389464708619,0.0914500213935303,0,0.384320696423199,0,0.146839817474652,0,0
"513","GAAGGCTACCATTGTT-1",1,0,0,0,0,0,0,0,0
"514","GAAGTCAGTTGCACTA-1",0,0,0,0.160311560252425,0.581899353779336,0,0.257789085968239,0,0
"515","GAAGTCTCCCTAGCGA-1",0,0.762813068502896,0,0,0.237186931497104,0,0,0,0
"516","GAATAGCATTTAGGGT-1",0.251627045071018,0.748372954928982,0,0,0,0,0,0,0
"517","GAATAGCCCTGCGGTC-1",0,1,0,0,0,0,0,0,0
"518","GAATATTCGGAGTCCC-1",0,0.627906388850617,0,0,0.117356141028282,0,0.254737470121101,0,0
"519","GAATGAAGGTCTTCAG-1",0,0.254013949984227,0,0,0.476306767160788,0,0.269679282854985,0,0
"520","GAATGTATGGCAGGTC-1",0,0.0905311348598364,5.72279866692173e-19,0,0.664566712332524,0,0.24490215280764,0,0
"521","GAATGTTGGGTAATCT-1",0.991025658153169,0.00897434184683144,0,0,0,0,0,0,0
"522","GACACAAGGGAAGAAA-1",0.16803671095439,0.83196328904561,0,0,0,0,0,0,0
"523","GACACCCAAAGACGCG-1",0,1,0,0,0,0,0,0,0
"524","GACCGACGTGAAAGCA-1",0,1,0,0,0,0,0,0,0
"525","GACCGGTGATACTCTC-1",0.716412505952859,0.21197180153816,0,0,0,0,0.0716156925089806,0,0
"526","GACCGTCAGGTCGTGA-1",0,0.3420886742803,0,0,0.452451065338885,0,0.205460260380814,0,0
"527","GACGATATCACTGGGT-1",0.97911586553888,0.0208841344611197,0,0,0,0,0,0,0
"528","GACGTTCGTAAATACA-1",0,1,0,0,0,0,0,0,0
"529","GACGTTGCTCGGCGGC-1",0,1,0,0,0,0,0,0,0
"530","GACTACAAAGCGGTGG-1",0.886017147676065,0.00699737715121642,0,0.0157293555267487,0,0,0.0912561196459695,0,0
"531","GACTCACCCACGTGAG-1",0,1,0,0,0,0,0,0,0
"532","GACTCCCAGAATAAGG-1",0,1,0,0,0,0,0,0,0
"533","GACTGCTGGTGAGAAA-1",0.931680465400362,0,0,0.0490736918887181,0,0,0.0192458427109196,0,0
"534","GAGACTTCGCGACCGA-1",0,0.262325230944958,0,0.145938988196389,0.591735780858652,0,0,0,0
"535","GAGAGTCTCGGGAGAG-1",0,1,0,0,0,0,0,0,0
"536","GAGATCTGTCACTCCG-1",0,1,0,0,0,0,0,0,0
"537","GAGATGACAATCCTTA-1",0.886472359743536,0,0,0,0,0,0.113527640256464,0,0
"538","GAGCGGAATGCGGTGT-1",0,1,0,0,0,0,0,0,0
"539","GAGCTGTCGTCTCGGA-1",0,1,0,0,0,0,0,0,0
"540","GAGGAATATCTCTTTG-1",0,1,0,0,0,0,0,0,0
"541","GAGGATAAACAGTGCT-1",0.991519248664729,0.00848075133527142,0,0,0,0,0,0,0
"542","GAGGCATTTGCAGCAG-1",0.339820858595324,0.197168262767999,0,0.127870189788486,0.175831824608181,0,0.15930886424001,0,0
"543","GAGGGAGTCAGATCGC-1",0,1,0,0,0,0,0,0,0
"544","GAGGGCCATAATATTA-1",0,1,0,0,0,0,0,0,0
"545","GAGGTACATCCATCTT-1",0,0.279045559556101,0,0,0.334271106404908,0,0.386683334038991,0,0
"546","GAGGTCCGTTCGCTGT-1",0,1,0,0,0,0,0,0,0
"547","GAGTAAGGCCACGGGA-1",0,1,0,0,0,0,0,0,0
"548","GAGTTGATGGCAATTT-1",0,0.983454542425318,0.0165454575746819,0,0,0,0,0,0
"549","GATAGTGCGAGTAAGT-1",0,0.813364311001322,0.186635688998678,0,0,0,0,0,0
"550","GATATCAAGCAGGAGC-1",0,1,0,0,0,0,0,0,0
"551","GATATGCGGTAGCCAA-1",0.988857288914724,0.0111427110852755,0,0,0,0,0,0,0
"552","GATATTTCCTACATGG-1",0.450004796648429,0.549995203351571,0,0,0,0,0,0,0
"553","GATCGGTGGCCATAAC-1",0,1,0,0,0,0,0,0,0
"554","GATCTAACCGTATTCA-1",0,1,0,0,0,0,0,0,0
"555","GATCTCGACGCTGTGG-1",0,0.410848255382777,0,0.259902960503287,0.25545721071018,0,0.073791573403756,0,0
"556","GATGACGATGATCGCG-1",0.360294961776004,0.544256143287202,0,0,0,0,0.0954488949367946,0,0
"557","GATGTAACGAACCACC-1",0,1,0,0,0,0,0,0,0
"558","GATTCCCTTGTCGCAG-1",0.145013141029344,0.854986858970656,0,0,0,0,0,0,0
"559","GATTCCGCGTTTCCGT-1",0,1,0,0,0,0,0,0,0
"560","GCAAACCTTGGCCATA-1",0.0808668197042399,0.91913318029576,0,0,0,0,0,0,0
"561","GCAAACGTCGCCAGGT-1",0,0.699115275647278,0,0,0.159785149796155,0,0.141099574556567,0,0
"562","GCAACCACCAGACCGG-1",0,0.121703419478768,0,0,0.648709822457492,0,0.22958675806374,0,0
"563","GCAACGGCTAGTTATG-1",-1.66657321608761e-18,1,0,0,0,0,0,0,0
"564","GCAAGCTGGAAACCGC-1",0,0.975562173207083,0.0244378267929167,0,0,0,0,0,0
"565","GCAAGTGTAAAGCATG-1",0,1,0,0,0,0,0,0,0
"566","GCAATTAGTCGCACCG-1",0,1,0,0,0,0,0,0,0
"567","GCACAAACGAGGCGTG-1",0,0.584096165175955,1.65872410203011e-18,0,0.248024047865265,0,0.16787978695878,0,0
"568","GCACAGCACGGGCCGA-1",0,1,0,0,0,0,0,0,0
"569","GCAGACCCAGCACGTA-1",0.119025298982619,0.641688110818186,0,0,0.161098581652567,0,0.0781880085466287,0,0
"570","GCAGCTATGGACAGGT-1",0,0.268241692430104,0,0,0.661966052687876,0,0.0697922548820199,0,0
"571","GCAGGTAGAGTATGGT-1",0,1,0,0,0,0,0,0,0
"572","GCATTCAAGGCAACGC-1",0.425257342830208,0.40133117428545,0,0,0.0778326342661679,0,0.0955788486181742,0,0
"573","GCATTGACTTGCGGAA-1",0,0,-2.82055206987124e-18,0,1,0,0,0,0
"574","GCCACCTTATTCGCGA-1",0.261533593354607,0.51643657164487,0,0.134249872278945,0,0,0.0877799627215783,0,0
"575","GCCAGGAAAGAACACT-1",0,0.7860799203009,-7.20973653762403e-19,0,0.111747568597302,0,0.102172511101799,0,0
"576","GCCAGGAGTAACCGAT-1",1,0,0,0,0,0,0,0,0
"577","GCCATATTGCACACAG-1",0,1,0,0,0,0,0,0,0
"578","GCCCAGCGACACAAAG-1",0.166483569269635,0.566516003248155,0,0,0.26700042748221,0,0,0,0
"579","GCCCGACTTCTTCCCG-1",0,1,0,0,0,0,0,0,-8.97532649977767e-20
"580","GCCCGATCTGTGGTCG-1",0,0.283154803159396,0,0,0.574100014180998,0,0.142745182659606,0,0
"581","GCCCGTTCACACAATT-1",0.00974598000502291,0.990254019994977,0,0,0,0,0,0,0
"582","GCCGTCGGTTTCGGGC-1",0,1,0,0,0,0,0,0,0
"583","GCCGTGGAAGAAATGT-1",0.740504148509682,0.259495851490318,0,0,0,0,0,0,0
"584","GCCTATGCTGGGCCTT-1",0.339664016024302,0.660335983975698,0,0,0,0,0,0,0
"585","GCCTCTATACATAGCA-1",0,0.38742017729274,0,0.0831290361268072,0.292931467639466,0,0.236519318940987,0,0
"586","GCGACATGTAAACATC-1",0.134948176241089,0.702632424327559,0,0,0.0630058213187267,0,0.0994135781126262,0,0
"587","GCGAGAGGCCATGTAA-1",0,1,0,0,0,0,0,0,0
"588","GCGAGCGCATGCTCCC-1",1,0,0,0,0,0,0,0,0
"589","GCGCCTCCCACTCCGA-1",0,0.639183541288887,0,0,0.094610705297174,0,0.266205753413939,0,0
"590","GCGCTCGATCACCTGT-1",0.331733815141208,0.585919668179204,0,0,0,0,0.0823465166795879,0,0
"591","GCGCTGATCCAGACTC-1",0,1,0,0,0,0,0,0,0
"592","GCGGGCATTACGATGC-1",0,1,0,0,0,0,0,0,0
"593","GCGGGCGAGCCTTACC-1",0.439981182917968,0.371080241800681,0,0,0.0803204994293144,0,0.108618075852037,0,0
"594","GCGGTCCCGGTGAAGG-1",0,0.246266080354053,0,0,0.385318517241547,0,0.3684154024044,0,0
"595","GCGGTGAACTGCGCTC-1",0.84232448053634,0,0,0.15767551946366,0,0,0,0,0
"596","GCGTCCCTAAGACATA-1",0,1,0,0,0,0,0,0,0
"597","GCGTCGAAATGTCGGT-1",0,1,0,0,0,0,0,0,0
"598","GCGTCGCCAGGGTGAT-1",0,0.44239140074378,0,0,0.335926707888973,0,0.221681891367247,0,0
"599","GCGTGGTACTGGGTTA-1",0,1,0,0,0,0,0,0,0
"600","GCGTTCGGAGACCGGG-1",0,1,0,0,0,0,0,0,0
"601","GCTAAGTAGTTTCTCT-1",0,1,0,0,0,0,0,0,0
"602","GCTAGCAGGGAGTGGG-1",0,0.328408961828912,-7.26924048193595e-19,0,0.386796730939223,0,0.284794307231864,0,0
"603","GCTCCCAGTCGGTCCA-1",0,1,0,0,0,0,0,0,0
"604","GCTCCGCTCGCTTCAG-1",0.0517483476350621,0.948251652364938,0,0,0,0,0,0,0
"605","GCTCGGAATTTAAAGC-1",0,1,0,0,0,0,0,0,0
"606","GCTCTCGGGTACCGAA-1",0,1,0,0,0,0,0,0,0
"607","GCTGCTAAGTAGTCGA-1",0,0.953278457327425,0,0,0.0467215426725754,0,0,0,0
"608","GCTGGACCCAAAGTGG-1",0,0.430275288110669,0,0.134525005845046,0.435199706044285,0,0,0,0
"609","GCTGGCGGCGCATGCT-1",0,0.329988086160572,0,0,0.427910709481128,0,0.242101204358301,0,0
"610","GCTGGGAGCGCGTCAA-1",0,1,0,0,0,0,0,0,0
"611","GCTTATGAAGCAGGAA-1",0.266976798775521,0.733023201224479,0,0,0,0,0,0,0
"612","GCTTCCGTCCCTAGAC-1",0.810205628756804,0,0,0,0,0,0.189794371243196,0,0
"613","GCTTGCAGCACAATTG-1",0,1,0,0,0,0,0,0,0
"614","GGAAACCTTGTTGAAT-1",0.349770102260966,0.279344203168157,0,0,0,0,0.370885694570877,0,0
"615","GGAAAGTGCCCATGCC-1",0,1,0,0,0,0,0,0,0
"616","GGAATGCGCTAGCGTG-1",0,0.992444712141666,0.00755528785833414,0,0,0,0,0,0
"617","GGACAAGCCATGATCG-1",0.441578665207688,0.558421334792312,0,0,0,0,0,0,0
"618","GGACACAAGTTTACAC-1",0,0.562734407987625,0,0,0.323527739380306,0,0.113737852632069,0,0
"619","GGACCTACGGTAACGT-1",0.0491298543796315,0.831164771664068,0,0,0.119705373956301,0,0,0,0
"620","GGACTCGACAGCGCAT-1",0,1,0,0,0,0,0,0,0
"621","GGACTCGTGAGTGGTC-1",0,1,0,0,0,0,0,0,0
"622","GGAGACCAATGTGCTT-1",0.433350207453577,0.237370535517479,0,0,0.214855366710148,0,0.114423890318796,0,0
"623","GGAGACCATCTACATA-1",0,1,0,0,0,0,0,0,0
"624","GGAGGCCGAAGTCGTC-1",0,1,0,0,0,0,0,0,0
"625","GGAGGGCTTGGTTGGC-1",0,1,0,0,0,0,0,0,0
"626","GGATCATCCCGTACGC-1",0,1,0,0,0,0,0,0,0
"627","GGATCCGGAATATACT-1",0.0849916828004617,0.915008317199538,0,0,0,0,0,0,0
"628","GGATCTACCGTTCGTC-1",1,0,0,0,0,0,0,0,0
"629","GGATCTTGACTCAACC-1",0.760588067233966,0.0941667865989996,0,0,0.145245146167034,0,0,0,0
"630","GGATGTCCTTACCGCA-1",0.0898684652171064,0.910131534782894,0,0,0,0,0,0,0
"631","GGATTCCGCTATACCC-1",0,1,0,0,0,0,0,0,0
"632","GGATTTCACTTCTATA-1",0.453188638829327,0.439949710210581,0,0,0,0,0.106861650960092,0,0
"633","GGCAAAGGCGCCAATA-1",0.515150804620563,0.343947213876787,0,0.14090198150265,0,0,0,0,0
"634","GGCAAGCCAGGGATAG-1",-2.80020626053982e-20,0.331817856102125,0,0,0.541923062360108,0,0.126259081537767,0,0
"635","GGCAATAGTCAATGAG-1",0.0772660892342687,0.922733910765731,0,0,0,0,0,0,0
"636","GGCAGCGGTAATCCTA-1",0,0,0,0,0.438728798211486,0,0.561271201788514,0,0
"637","GGCATATCGGTTCTGC-1",-2.23294844305752e-18,1,0,0,0,0,0,0,0
"638","GGCCCGTATACCATGC-1",0,1,0,0,0,0,0,0,0
"639","GGCGAGCGAAACGGCA-1",0,1,0,0,0,0,0,0,0
"640","GGCGGTAGGATCATTG-1",0,1,0,0,0,0,0,0,0
"641","GGCTAAAGGGCGGGTC-1",0.639083237377075,0.248187854323643,0,0,0,0,0.112728908299282,0,0
"642","GGCTCCTCCACCTGTT-1",0,1,0,0,0,0,0,0,0
"643","GGGAATGAGCCCTCAC-1",0.325742517452075,0.57569076184979,0,0.0985667206981347,0,0,0,0,0
"644","GGGACCCGTATATCTT-1",0,1,0,0,0,0,0,0,0
"645","GGGAGTTAATGAGGCG-1",0.120695051894007,0.589290806027509,0,0,0.175872561005794,0,0.114141581072691,0,0
"646","GGGATCCCAATACAAA-1",0.29606160628226,0,0,0.279207966473919,0,0,0.424730427243821,0,0
"647","GGGCAGAGCAATCGTT-1",0,1,0,0,0,0,0,0,0
"648","GGGCCGGCCGAAGTAC-1",0,1,0,0,0,0,0,0,0
"649","GGGCGTCCACTGGCTC-1",0.139601637164223,0.860398362835777,0,0,0,0,0,0,0
"650","GGGCTACTATTTCGTG-1",0,1,0,0,0,0,0,0,0
"651","GGGCTATGATCGATGG-1",0,1,0,0,0,0,0,0,0
"652","GGGCTCATCGAACCCA-1",0.610568637679246,0,0,0.366603675101654,0,0,0.0228276872191004,0,0
"653","GGGTCGTGGCAAGTGT-1",0,1,0,0,0,0,0,0,0
"654","GGGTGCATATGAAAGC-1",0.779449906536225,0,0,0.220550093463775,0,0,0,0,0
"655","GGGTGTTTCAGCTATG-1",0.31558437573504,0.300986261051474,0,0.104227061197178,0.204375842870783,0,0.0748264591455249,0,0
"656","GGTACACCAGATTTAT-1",0,1,0,0,0,0,0,0,0
"657","GGTACCATTAAGACGG-1",0,1,0,0,0,0,0,0,0
"658","GGTCGGATAAACGGCG-1",0,1,0,0,0,0,0,0,0
"659","GGTCGGCCAGGAGCTT-1",0.709940505203687,0.290059494796313,0,0,0,0,0,0,0
"660","GGTCGGTCGTCCACAG-1",0,0.769559292614084,0,0,0.124255146370459,0,0.106185561015457,0,0
"661","GGTCGTAAGCTCGCAC-1",0,1,0,0,0,0,0,0,0
"662","GGTCTCCAAGTAGTGC-1",0.0592427850242805,0.804077393328682,0,0,0.136679821647037,0,0,0,0
"663","GGTCTGAGAATCTGGA-1",0.846546940472116,0.153453059527884,0,0,0,0,0,0,0
"664","GGTGCATAAATGATTA-1",0,0.907006920260546,4.42258090616453e-18,0,0.0303597273493654,0,0.0626333523900888,0,0
"665","GGTGGGATTAGGTCCC-1",0,1,0,0,0,0,0,0,0
"666","GGTGTTGGGCGTCTTA-1",0,0.693382033872159,0,0,0.183635690163468,0,0.122982275964373,0,0
"667","GGTTCTACTCGTCTGA-1",0.0997761375686571,0.900223862431343,0,0,0,0,0,0,0
"668","GGTTTAATTACCATCG-1",0,1,0,0,0,0,0,0,0
"669","GGTTTAATTGAGCAGG-1",0,1,0,0,0,0,0,0,0
"670","GGTTTCAATCGGTCAG-1",0,1,0,0,0,0,0,0,0
"671","GTAACTGCCCAAGGAG-1",0.163509252743619,0.711486052412641,0,0,0.12500469484374,0,0,0,0
"672","GTAAGCGGGCAGTCAG-1",0.0228357154487792,0.977164284551221,0,0,0,0,0,0,0
"673","GTAAGTCCACACTCTA-1",0,1,0,0,0,0,0,0,0
"674","GTACTGGAGTTAGACC-1",0,1,0,0,0,0,0,0,0
"675","GTAGAGGGAGACAAGT-1",0,1,0,0,0,0,0,0,0
"676","GTAGCTCCGGGAGGCT-1",0,1,0,0,0,0,0,0,0
"677","GTAGGTGATCCGTGTA-1",0.0663167984261198,0.867222541251059,0,0.0664606603228211,0,0,0,0,0
"678","GTAGTTCGAAGGCGAA-1",0,1,0,0,0,0,0,0,0
"679","GTATGTGGGTCTAGTT-1",0.184072707896131,0.574696239371666,0,0,0.241231052732203,0,0,0,0
"680","GTCAATGCTATAATTT-1",0,1,0,0,0,0,0,0,0
"681","GTCCAGGCACGTGTGC-1",0,1,0,0,0,0,0,0,0
"682","GTCCCAACGTAAAGTA-1",0.171994499948308,0.652284046753462,0,0,0.17572145329823,0,0,0,0
"683","GTCCTACTCTACGGGC-1",0.793797931035599,0,0,0.206202068964401,0,0,0,0,0
"684","GTCGCCGTTGTGTGTT-1",0,1,0,0,0,0,0,0,0
"685","GTCGGAAGGATACCAG-1",0,0.25408869865212,0,0,0.0751798084942245,0,0.670731492853655,0,0
"686","GTCGGATGTAGCGCGC-1",0,1,0,0,0,0,0,0,0
"687","GTCGTATTGGCGTACA-1",0.550293868033797,0.326493479651327,0,0,0,0,0.123212652314876,0,0
"688","GTCGTCTGGTTGGCTA-1",0,1,0,0,0,0,0,0,0
"689","GTCGTGTCTGGTCATC-1",0,1,0,0,0,0,0,0,0
"690","GTCTCGACTAAGTTTG-1",0,1,0,0,0,0,0,0,0
"691","GTCTCGATCTGCTTTC-1",0,1,0,0,0,0,0,0,0
"692","GTCTGTAGGTTGAACA-1",0,1,0,0,0,0,0,0,0
"693","GTCTTAGTACAGCCGG-1",0,0.215102827388688,0.19504086105069,0.132599477294126,0.258631694360723,0,0.198625139905773,0,0
"694","GTCTTGTAGCTATTCA-1",0,0.582432573720615,0,0,0.338917177285548,0,0.0786502489938363,0,0
"695","GTGAAACGGCGCCACC-1",0.666597307479357,0,0,0.333402692520643,0,0,0,0,0
"696","GTGAACTCCCATTCGA-1",0.499479822657005,0,0,0.500520177342995,0,0,0,0,0
"697","GTGAAGCCGTATAGTC-1",0.576106767357448,0,0,0.215258265617978,0,0,0.185797958979822,0.0228370080447526,0
"698","GTGAAGTCACGACTCG-1",0,1,0,0,0,0,0,0,0
"699","GTGACCTAAAGAATAA-1",0.804264857861182,0,0,0.185810127312218,0,0,0.00992501482659961,0,0
"700","GTGAGATAACCTTATA-1",0,1,0,0,0,0,0,0,0
"701","GTGAGGAGCGGTTGAG-1",0,0,0,0,0.903831439455043,0,0.0961685605449574,0,0
"702","GTGAGTGGTACAACGC-1",0,0.123768208208827,0,0,0.576700759079491,0,0.299531032711682,0,0
"703","GTGCACGAAAGTGACT-1",0,1,0,0,0,0,0,0,0
"704","GTGCGACAGGGAGTGT-1",0,1,0,0,0,0,0,0,0
"705","GTGCTTACATCAGCGC-1",0,0.524970181075932,0,0,0.250724771305976,0,0.224305047618092,0,0
"706","GTGGAACCTACATGCG-1",0,0.297076280694903,0,0.0958925159206635,0.357838998500517,0,0.249192204883916,0,0
"707","GTGGACGCATTTGTCC-1",0.0746642836647555,0.694066755669917,0,0,0.0731492702457339,0,0.158119690419593,0,0
"708","GTGGCAAACAGCGGCA-1",0,1,0,0,0,0,0,0,0
"709","GTGGGTACTGAGCGTA-1",0,1,0,0,0,0,0,0,0
"710","GTGTCAGTGTACGTGG-1",0.447694871021134,0.552305128978866,0,0,0,0,0,0,0
"711","GTGTGAATAACTTAGG-1",0,1,0,0,0,0,0,0,0
"712","GTTAACATCACTTAAA-1",0,0.296856751732662,0,0.183567176991115,0.229451532604813,0,0.29012453867141,0,0
"713","GTTAACTATGTTGTCA-1",0,1,0,0,0,0,0,0,0
"714","GTTAGCCGTAAATCAA-1",0.536469919608246,0,0,0.463530080391754,0,0,0,0,0
"715","GTTATATCAGGAGCCA-1",0.706822528803645,0,0,0,0.293177471196355,0,0,0,0
"716","GTTCCGTCCGCCTGCA-1",0,1,0,0,0,0,0,0,0
"717","GTTCGGATCGGGAACA-1",0,0.463364783094726,0,0,0.536635216905274,0,0,0,0
"718","GTTCGTCTGGGTCCCT-1",0.177014464523705,0.474953946594094,0,0.0970259008385015,0.14951392251533,0,0.10149176552837,0,0
"719","GTTGGACCGCATCAGG-1",0.815690319277062,0,0,0.140114492049099,0,0,0.0441951886738395,0,0
"720","GTTGGATTCAGTGGCT-1",0,0.0747119961539413,0,0.18257611549774,0.326655046689986,0,0.416056841658333,0,0
"721","GTTGGATTGAGAACAC-1",0.992035075816406,0.00796492418359366,0,0,0,0,0,0,0
"722","GTTGGTCATGCTATCC-1",0,0.473129511384197,0,0,0.188542227866782,0,0.338328260749021,0,0
"723","GTTTCTTGTTAGAGCT-1",0.990753467609067,0.00924653239093307,0,0,0,0,0,0,0
"724","GTTTGGGCTTGTGAGC-1",0,0.253685634674506,0,0.127189151419381,0.452642566540701,0,0.166482647365412,0,0
"725","GTTTGGTAGGGTCAAC-1",0.133078101961868,0,0,0.589864781877084,0,0,0.277057116161048,0,0
"726","GTTTGGTGATCGGTGC-1",0,1,0,0,0,0,0,0,0
"727","GTTTGTTAGCCAAGTA-1",0,0.990444135716075,0.00955586428392522,0,0,0,0,0,0
"728","TAAAGCTGCAATAGGG-1",0,1,0,0,0,0,0,0,0
"729","TAAATCTTTACACCTC-1",0.833119467220128,0.107417644254512,0,0,0.0594628885253601,0,0,0,0
"730","TAAATTTAGTAACACC-1",0,1,0,0,0,0,0,0,0
"731","TAACAGCGTTTGTGCT-1",0.506294221136562,0.493705778863438,0,0,0,0,0,0,0
"732","TAACTATTACGCCAAA-1",0.946433017708746,0.00582516980520634,0,0.0477418124860476,0,0,0,0,0
"733","TAAGCCCTTACGACCA-1",0,0.1231243476333,0,0,0.213334595794177,0,0.663541056572523,0,0
"734","TAAGGCAACATAAGAT-1",0.658785881088137,0.273073260242466,0,0,0,0,0.0681408586693966,0,0
"735","TAAGGCATAACATCAA-1",0.305309331747348,0.639737365851718,0,0,0.0549533024009345,0,0,0,0
"736","TAAGTCGCCGAGTATC-1",0,1,0,0,0,0,0,0,0
"737","TAATAAACAAGGAGAT-1",0,1,0,0,0,0,0,0,0
"738","TAATACACAGTAGTAT-1",0,1,0,0,0,0,0,0,0
"739","TAATTAGGACATCCGT-1",0,0.547116074522604,0,0,0.202053485603337,0,0.250830439874059,0,0
"740","TAATTGGAATCGGGAA-1",0,1,0,0,0,0,0,0,0
"741","TACACCGTCGTTAGTC-1",0,1,0,0,0,0,0,0,0
"742","TACCAGGAATCCCGTC-1",0,1,0,0,0,0,0,0,0
"743","TACCATGTATTGATTT-1",0,1,0,0,0,0,0,0,0
"744","TACCGTAGGTTAACTA-1",0,1,0,0,0,0,0,0,0
"745","TACCTACTCCCAGTAT-1",0.0347911650042806,0.96520883499572,0,0,0,0,0,0,0
"746","TACGCCGAGGGTACCC-1",0,1,0,0,0,0,0,0,0
"747","TACGCCGCCTCAGAAG-1",0.587509471168108,0.412490528831892,0,0,0,0,0,0,0
"748","TACGCCTCCATTCCGA-1",0.00922847548762753,0.728405460784938,0,0,0.0820694435395127,0,0.180296620187922,0,0
"749","TACGGGATGCTAGCAG-1",0,1,0,0,0,0,0,0,0
"750","TACGTACTAGTGCTGA-1",0,1,0,0,0,0,0,0,0
"751","TACTATGGTTCCTCAG-1",0,1,0,0,0,0,0,0,0
"752","TACTCTCCGAACAAAT-1",0,1,0,0,0,0,0,0,0
"753","TACTCTTTCGTCTTCA-1",0,1,0,0,0,0,0,0,0
"754","TACTGTTTCTCTGGTA-1",0,1,0,0,0,0,0,0,0
"755","TACTTGTTAGTAGTCC-1",0,1,0,0,0,0,0,0,0
"756","TAGAAAGGTGGCGCTA-1",0.685927992810885,0.314072007189115,0,0,0,0,0,0,0
"757","TAGACTACCTAGCGTT-1",0,1,0,0,0,0,0,0,0
"758","TAGATTCAAAGTGCGG-1",0,1,0,0,0,0,0,0,0
"759","TAGCCGGCGGTCAGCG-1",0,1,0,0,0,0,0,0,0
"760","TAGCGTCCCTCGATTG-1",0,0.434155128497933,0,0,0.411651024633776,0,0.154193846868291,0,0
"761","TAGGCATGTTACGCCA-1",0.582133609940802,0.237895168689695,0,0.0891955596519984,0,0,0.090775661717504,0,0
"762","TAGGGAGCTTGGGATG-1",0,1,0,0,0,0,0,0,0
"763","TAGTCTGCGGCACATT-1",0,1,0,0,0,0,0,0,0
"764","TAGTTAAGATAGGATA-1",0,0,0,0,1,0,0,0,0
"765","TATACACAGACGCCTT-1",0,0.115258275587466,0,0.130306762286889,0.542414086511973,0,0.212020875613672,0,0
"766","TATACCGAGTGCCACA-1",0.145821213387033,0.674255194676077,0,0,0.17992359193689,0,0,0,0
"767","TATAGATGGTCGCAGT-1",0,0.437347452008246,0,0,0.296530126274223,0,0.266122421717531,0,0
"768","TATAGCTATTATCTCT-1",0,1,0,0,0,0,0,0,0
"769","TATATCAAAGTGATCT-1",0.592221821041892,0.407778178958108,0,0,0,0,0,0,0
"770","TATATCCCTGGGAGGA-1",0,1,0,0,0,0,0,0,0
"771","TATATTACAAATGTCG-1",0.0628246767020009,0.867223599562027,0,0,0.0699517237359723,0,0,0,0
"772","TATCACTTCGAGTAAC-1",0,1,0,0,0,0,0,0,0
"773","TATCGATCTATGCATA-1",0,1,0,0,0,0,0,0,0
"774","TATGATCCGGCACGCC-1",0,1,0,0,0,0,0,0,0
"775","TATGGCTAGGCTAATT-1",0.581450197712442,0.20280549022551,0,0,0,0,0.215744312062048,0,0
"776","TATGGTTAGTGGGAGA-1",0,1,0,0,0,0,0,0,0
"777","TATGTCAAGACCGACT-1",0,1,0,0,0,0,0,0,0
"778","TATTAACCTGACCGCG-1",0,1,0,0,0,0,0,0,0
"779","TATTACCATCCTGCTT-1",0,0.564000727449202,0,0,0.435999272550798,0,0,0,0
"780","TATTTATACCGAGTAG-1",0,1,0,0,0,0,0,0,0
"781","TCAAAGAGCTATCTGT-1",5.22271356092908e-19,1,0,0,0,0,0,0,0
"782","TCAACAAAGATAATTC-1",0,1,-4.80595905629195e-19,0,0,0,0,0,0
"783","TCAAGCTGCCTTGAAA-1",0.531467932819223,0.230903436207379,0,0.0741607618440314,0,0,0.163467869129366,0,0
"784","TCACGATGTCCGTGGA-1",0,0.661641943868344,0.338358056131657,0,0,0,0,0,0
"785","TCACGATTAATACGTT-1",0.158075512417986,0.841924487582014,0,0,0,0,0,0,0
"786","TCACTCGTGCAACGGC-1",0,0.133186682092726,0,0,0.862009532644463,0,0.00480378526281127,0,0
"787","TCAGAGCATGTCAACG-1",0,1,0,0,0,0,0,0,0
"788","TCAGCAAATGCATCTC-1",0,1,0,0,0,0,0,0,0
"789","TCAGCAGTAGGCCCTG-1",0,1,0,0,0,0,0,0,0
"790","TCAGGGTGTAACGTAA-1",0,1,0,0,0,0,0,0,0
"791","TCAGTGTATACGTCAT-1",0,1,0,0,0,0,0,0,0
"792","TCATCCCAGAGGGTGG-1",0,0.202293035686437,0,0.114562626753851,0.340972903489641,0,0.342171434070071,0,0
"793","TCATGCAGGTTCTCAT-1",0.794696856966724,0.205303143033276,0,0,0,0,0,0,0
"794","TCATTTAAGTCTCCGA-1",0,1,0,0,0,0,0,0,0
"795","TCCACTTTATCTAGGT-1",0.0507797110192526,0.949220288980747,0,0,0,0,0,0,0
"796","TCCAGATGTACGCCAA-1",0,1,0,0,0,0,0,0,0
"797","TCCATTCCCACTAGAG-1",0,0.631893873111333,0,0,0.259161336000869,0,0.108944790887798,0,0
"798","TCCCAAACAGACAACG-1",0,1,0,0,0,0,0,0,0
"799","TCCCAAACATCCTCTA-1",0,1,0,0,0,0,0,0,0
"800","TCCCGCGTACTCCTGG-1",0.313886489824495,0.686113510175505,0,0,0,0,0,0,0
"801","TCCCGTCGCGTCATAG-1",0,1,0,0,0,0,0,0,0
"802","TCCCTAGATCAATAGG-1",0,1,0,0,0,0,0,0,0
"803","TCCCTTAGATTACTCG-1",0,1,0,0,0,0,0,0,0
"804","TCCGAAGTAGTCACCA-1",0,0.310501078931196,0,0,0.380711152700081,0,0.308787768368723,0,0
"805","TCCGACCGCTAATCAA-1",0,1,0,0,0,0,0,0,0
"806","TCCGATAATTGCCATA-1",0,1,0,0,0,0,0,0,0
"807","TCCGCCTGTCTACAAG-1",0,0.420897518038849,0,0,0.376133896637787,0,0.202968585323364,0,0
"808","TCCGCGGCAGCATCTG-1",0,1,0,0,0,0,0,0,0
"809","TCCGCTGGGTCGATCG-1",0,1,0,0,0,0,0,0,0
"810","TCCGCTTATCCCATTA-1",0.328931878949801,0,0,0.0784059676267753,0.438459358702125,0,0.154202794721299,0,0
"811","TCCTAAATTGGGAAGC-1",0,0.333161476516571,0,0,0.192372271856039,0,0.47446625162739,0,0
"812","TCCTATCATAGGTAAC-1",0.135047570394864,0.864952429605137,0,0,0,0,0,0,0
"813","TCCTTCAGTGGTCGAA-1",0,0.55768537212177,0,0,0.44231462787823,0,0,0,0
"814","TCGACATAGCGTAGCG-1",0.935789022048623,0,0,0.0329068630805365,0,0,0.0313041148708407,0,0
"815","TCGAGTCTACGATTCG-1",0.635579813886164,0,0,0.29189710010731,0,0,0.0725230860065259,0,0
"816","TCGATGTTACGGCCGT-1",0,1,0,0,0,0,0,0,0
"817","TCGCCGAAGTTGCGTC-1",0,1,0,0,0,0,0,0,0
"818","TCGCCGGTCGATCCGT-1",0,1,0,0,0,0,0,0,0
"819","TCGCTAAACCGCTATC-1",0,1,0,0,0,0,0,0,0
"820","TCGCTCGGCACCAGCG-1",1,0,0,0,0,0,0,0,0
"821","TCGCTGGGCGGATTGT-1",0.621674290881018,0.193687771370188,0,0,0,0,0.184637937748794,0,0
"822","TCGGACGCCCAGCCCA-1",0.0724067814616189,0.927593218538381,0,0,0,0,0,0,0
"823","TCGGAGTACATGAGTA-1",0,1,0,0,0,0,0,0,0
"824","TCGGCGTACTGCACAA-1",0,1,0,0,0,0,0,0,0
"825","TCGGTGACCGCTCCGG-1",0,0,0,0,1,0,0,0,0
"826","TCGTAAGCTCCGAGGA-1",0,0.133867378453152,0,0,0.715297615981877,0,0.150835005564971,0,0
"827","TCTAAAGAACAGTCTC-1",0,1,0,0,0,0,0,0,0
"828","TCTACCGTCCACAAGC-1",0,1,0,0,0,0,0,0,0
"829","TCTACGCACGATCTCC-1",0.600071529426593,0.399928470573407,0,0,0,0,0,0,0
"830","TCTACGGGCTCAGTTG-1",0,0.622500875801774,1.81516969873959e-19,0,0.377499124198226,0,0,0,0
"831","TCTAGGTGGCGACGCT-1",0,1,-1.75705647388073e-18,0,0,0,0,0,0
"832","TCTATCGGTCGCAACA-1",0.166085748903622,0.833914251096378,0,0,0,0,0,0,0
"833","TCTCCAACGTAGGTTA-1",1,0,0,0,0,0,0,0,0
"834","TCTCGACGTATCGCCG-1",0,0.470252439438368,0,0,0.27186340212909,0,0.257884158432542,0,0
"835","TCTCTTACCGCGAACC-1",0,1,0,0,0,0,0,0,0
"836","TCTGAACTCGTACCCG-1",0,1,0,0,0,0,0,0,0
"837","TCTGAATTCCGTACAA-1",0,1,0,0,0,0,0,0,0
"838","TCTGACGGGCTAACCC-1",0,1,0,0,0,0,0,0,0
"839","TCTGCACCATTAGTAA-1",0.320359133042359,0.586883149227235,0,0,0,0,0.0927577177304061,0,0
"840","TCTGCGAATCGTTCGC-1",0,0.419155182847923,6.66361503000877e-19,0,0.580844817152077,0,0,0,0
"841","TCTGTGCCATCATAGT-1",0,1,0,0,0,0,0,0,0
"842","TCTGTTTAGATTGTTC-1",0,1,0,0,0,0,0,0,0
"843","TCTTACCGGAACTCGT-1",1,0,0,0,0,0,0,0,0
"844","TCTTAGAGCTCCAATT-1",0,1,0,0,0,0,0,0,0
"845","TCTTGGTAACACCAAA-1",0,1,0,0,0,0,0,0,0
"846","TCTTTAAGACTATGAA-1",0.985653977071718,0.0143460229282825,0,0,0,0,0,0,0
"847","TGAAAGGACCTGACTC-1",0,0.598298818959086,0,0,0.401701181040915,0,0,0,0
"848","TGAACAAGCAGGGACT-1",0,1,0,0,0,0,0,0,0
"849","TGAACCTGAATGTGAG-1",0.36108082509836,0.63891917490164,0,0,0,0,0,0,0
"850","TGAATATGCTATAAAC-1",0,0.109176417116135,0,0.16662301727672,0.494482025955452,0,0.229718539651693,0,0
"851","TGAATGAGATACAGCA-1",0,0.427334625510496,0,0,0.336624617977395,0,0.236040756512108,0,0
"852","TGAATGAGTGTTTCCC-1",0,1,0,0,0,0,0,0,0
"853","TGAATGTCAGCCGGCC-1",0,0.822627537672236,0,0,0.177372462327764,0,0,0,0
"854","TGACAACTTAAAGGTG-1",0,1,0,0,0,0,0,0,0
"855","TGACACTTCTCTTTGC-1",0,0.243383149505232,0,0.193278367572871,0.292067262310899,0,0.271271220610998,0,0
"856","TGACATCGAGCGGACC-1",0,1,0,0,0,0,0,0,0
"857","TGACGATGCACTAGAA-1",0,1,0,0,0,0,0,0,0
"858","TGAGATTAGGCCCTAA-1",0,0.247311758791916,0,0.258279103617159,0.494409137590925,0,0,0,0
"859","TGAGCGGAAAGTGTTC-1",0,0.254673045665547,0,0,0.372040047598982,0,0.37328690673547,0,0
"860","TGAGCTTTAATGACGC-1",1,0,0,0,0,0,0,0,0
"861","TGAGGAGTGCCAGCTT-1",0,1,0,0,0,0,0,0,0
"862","TGATCCCAGCATTAGT-1",0.988313885850979,0.0116861141490209,0,0,0,0,0,0,0
"863","TGATCTACGCTGATCT-1",0,0.121554873527724,0,0.138508538331849,0.30206233434498,0,0.437874253795447,0,0
"864","TGATGGCTGTTTCTGA-1",0.519051427161629,0,0,0.480948572838371,0,0,0,0,0
"865","TGATTATGGCACGCAG-1",0,0.406152205442674,0,0,0.19259495738912,0,0.401252837168206,0,0
"866","TGCAATTTGGGCACGG-1",0,0.480417198591511,0,0.149990962912359,0.299084903975556,0,0.0705069345205732,0,0
"867","TGCAGTGAGGCTCGGG-1",0.17265525609849,0.38645398466792,0,0.0891838949471211,0.239032018126015,0,0.112674846160454,0,0
"868","TGCAGTTTCCTCCCAT-1",0,0.674856880574253,0,0,0.325143119425747,0,0,0,0
"869","TGCATATGTCTGTCAC-1",0,0.8284501536799,0,0,0.1715498463201,0,0,0,0
"870","TGCATGGATCGGATCT-1",0,1,0,0,0,0,0,0,0
"871","TGCATGTGACCCATAG-1",0,1,0,0,0,0,0,0,0
"872","TGCCACCTGGCGAAAC-1",0.753346048342522,0.246653951657478,0,0,0,0,0,0,0
"873","TGCCATTACTAAAGAA-1",0,1,0,0,0,0,0,0,0
"874","TGCCGTGGATCGTCCT-1",0,1,0,0,0,0,0,0,0
"875","TGCCGTTCTTAATCGG-1",0.989406826807679,0.0105931731923207,0,0,0,0,0,0,0
"876","TGCCTGATCAAACGAT-1",0.89096352670151,0.10903647329849,0,0,0,0,0,0,0
"877","TGCGGAGTAAAGGTGC-1",0.504360965567608,0.392201411575377,0,0,0,0,0.103437622857014,0,0
"878","TGCTCGGCGAAACCCA-1",0.207042638964527,0.792957361035473,0,0,0,0,0,0,0
"879","TGCTCTGCCGGTTCAC-1",0,1,0,0,0,0,0,0,0
"880","TGGAAGGATAAAGATG-1",0.108146317491238,0.891853682508762,0,0,0,0,0,0,0
"881","TGGAATATCCTTGACC-1",0,1,0,0,0,0,0,0,0
"882","TGGAGAATAATCGTCC-1",0,1,0,0,0,0,0,0,0
"883","TGGCAACTCGCGCGCC-1",0,1,0,0,0,0,0,0,0
"884","TGGCCAATTTGGTACT-1",0,1,0,0,0,0,0,0,0
"885","TGGCTTATGTATAATG-1",0.765850586263223,0.234149413736777,0,0,0,0,0,0,0
"886","TGGCTTGTACAAGCTT-1",0,0.109041441382127,0,0,0.604036784654535,0,0.286921773963338,0,0
"887","TGGGCAATAGTTGGGT-1",0,0.816613963207538,0,0,0,0,0.183386036792462,0,0
"888","TGGGCACGTTCTATGG-1",0,0.509963524276955,0,0,0.192368411184873,0,0.297668064538172,0,0
"889","TGGGCCACAAGAGCGC-1",0.449659426155135,0.550340573844865,0,0,0,0,0,0,0
"890","TGGGTAAGGTTCCCGC-1",0,0.440971887544882,0,0,0.371283725219455,0,0.187744387235664,0,0
"891","TGGTCGATATACCTCT-1",0.424833997843305,0.575166002156695,0,0,0,0,0,0,0
"892","TGGTTAAGGGCGCTGG-1",0.99333087135512,0.00666912864487992,0,0,0,0,0,0,0
"893","TGGTTTAAACGTGGGT-1",0,1,0,0,0,0,0,0,0
"894","TGTACTACTCTCACGG-1",0,1,0,0,0,0,0,0,0
"895","TGTAGGAGAAATTTCC-1",0,1,0,0,0,0,0,0,0
"896","TGTCATTTGTTGGGAA-1",0.0411343606040183,0.521388506104173,0,0.0822200807026515,0.177371809031733,0,0.177885243557424,0,0
"897","TGTGCCAGAGGCAAAG-1",0,1,0,0,0,0,0,0,0
"898","TGTGGCTCCCACCAAC-1",0.0447562541304842,0.955243745869516,0,0,0,0,0,0,0
"899","TGTTGCCGTCGTCCCA-1",0,1,0,0,0,0,0,0,0
"900","TGTTTGAGATCGTCAG-1",0.153848424168416,0.521781899596674,0,0.083091319346646,0.241278356888264,0,0,0,0
"901","TTAACGAACAAGCAGT-1",0,1,0,0,0,0,0,0,0
"902","TTAAGCCGACAACTTC-1",0,0.124687159948644,0,0,0.394306391467886,0,0.481006448583469,0,0
"903","TTAATCAGTACGTCAG-1",0.171491675883093,0.828508324116908,0,0,0,0,0,0,0
"904","TTAATGTAGACCAGGT-1",0,1,0,0,0,0,0,0,0
"905","TTAATTTCAGACGCGG-1",0,1,0,0,0,0,0,0,0
"906","TTACATGCCACAACTA-1",0,0.603028538866494,0,0,0.273866477878342,0,0.123104983255164,0,0
"907","TTACCCATTGCCGGGT-1",0.240665275024455,0.759334724975545,0,0,0,0,0,0,0
"908","TTACGGATGGTTCGAG-1",0,0.811822489013724,0.188177510986276,0,0,0,0,0,0
"909","TTACTCCGGCCGGGAA-1",0.07541040802177,0.737458771231161,0,0,0.0952937182053196,0,0.0918371025417491,0,0
"910","TTACTGTCTAGAGCTC-1",0,0.944133253594756,0.055866746405244,0,0,0,0,0,0
"911","TTAGAAGAACATGACT-1",0,0.123373821851986,0,0,0.708851537484186,0,0.167774640663828,0,0
"912","TTAGACACGATCGTTG-1",0,0.70709742780246,0,0,0.29290257219754,0,0,0,0
"913","TTAGAGGGATATACAG-1",0,0.438084184460476,0,0,0.561915815539524,0,0,0,0
"914","TTAGCATCCCTCACGT-1",0.499982458470163,0.500017541529837,0,0,0,0,0,0,0
"915","TTAGCCATAGGGCTCG-1",0.545708744185411,0.454291255814589,0,0,0,0,0,0,0
"916","TTAGCTGATTTGCCGT-1",0,0.639975394788969,0,0,0.360024605211031,0,0,0,0
"917","TTAGGATGGGAGGGTA-1",0.0680825384346848,0.931917461565315,0,0,0,0,0,0,0
"918","TTAGGTCATAACCGAC-1",0,1,0,0,0,0,0,0,0
"919","TTAGTTCAAGTGTTCG-1",0,1,0,0,0,0,0,0,0
"920","TTATATTTGGCAATCC-1",0.043353593864089,0.956646406135911,0,0,0,0,0,0,0
"921","TTATCTGTATCATAAC-1",0,1,0,0,0,0,0,0,0
"922","TTCAAGCCGAGCTGAG-1",0,0.457197201420792,0,0,0.186088053935618,0,0.35671474464359,0,0
"923","TTCACTCGAGCACCTA-1",0,0.447913189481218,0,0,0.277123061653904,0,0.274963748864878,0,0
"924","TTCAGTTCAAGAGGAG-1",0.249173972707526,0.750826027292474,0,0,0,0,0,0,0
"925","TTCATGGCGCAACAGG-1",0.606541569449918,0.393458430550082,0,0,0,0,0,0,0
"926","TTCCAATCAGAGCTAG-1",0,1,0,0,0,0,0,0,0
"927","TTCCAGACGAGATTTA-1",0.203502992919987,0.796497007080013,0,0,0,0,0,0,0
"928","TTCCGCAGAGAAATAT-1",0.603160511369566,0.263159322166629,0,0,0.133680166463805,0,0,0,0
"929","TTCCGGTATCTGTGTC-1",0.311867523396427,0.688132476603573,0,0,0,0,0,0,0
"930","TTCGAACGAAACATGC-1",0,1,0,0,0,0,0,0,0
"931","TTCGCTAGGAAGTTGT-1",0.48745065853627,0.51254934146373,0,0,0,0,0,0,0
"932","TTCGCTATCTGACGTG-1",0.949946685035208,0,0,0.0497552586368609,0,0,0.000298056327931501,0,0
"933","TTCGGCAACCCGCTGA-1",0,0.272070207960931,0,0.223418347013285,0.362923722675078,0,0.141587722350705,0,0
"934","TTCGGTGGAGACGCCC-1",0.0574007899626743,0.942599210037326,0,0,0,0,0,0,0
"935","TTCTAACCGAAGCTTA-1",0.026017904008498,0.973982095991502,0,0,0,0,0,0,0
"936","TTCTATGCCTTTCGCA-1",0,0.979010527591415,0,0,0,0,0,0.0209894724085854,0
"937","TTCTGCTAGACTCCAA-1",0,1,0,0,0,0,0,0,0
"938","TTCTTAGTGGCTCAGA-1",0,1,0,0,0,0,0,0,0
"939","TTCTTGCTAGCATCTC-1",0,1,0,0,0,0,0,0,0
"940","TTCTTGGACGATCTGC-1",0,1,0,0,0,0,0,0,0
"941","TTCTTGGAGTAATGAG-1",0,1,0,0,0,0,0,0,0
"942","TTGAATATGGACTTTC-1",0.369499583579124,0.529939405659132,0,0,0.012179589393415,0,0.0883814213683285,0,0
"943","TTGAGCAGCCCACGGT-1",0.201074811310225,0.798925188689775,0,0,0,0,0,0,0
"944","TTGATAGTCAATACAT-1",0,1,0,0,0,0,0,0,0
"945","TTGATGCCGCTCGTCG-1",0,1,0,0,0,0,0,0,0
"946","TTGATGTGTAGTCCCG-1",0,1,0,0,0,0,0,0,0
"947","TTGCCAAGCAGAACCC-1",0.0515623964840499,0.653018535967607,0,0,0,0,0.295419067548343,0,0
"948","TTGCGTGAACGCTTAG-1",0,0,0,0.159921589421196,0.80442060834225,0,0.035657802236554,0,0
"949","TTGGAAGAATACAGTC-1",0,1,0,0,0,0,0,0,0
"950","TTGGCCTAGAATTTCG-1",0.711441136627923,0,0,0.288558863372077,0,0,0,0,0
"951","TTGGGACACTGCCCGC-1",0,1,0,0,0,0,0,0,0
"952","TTGGGCGGCGGTTGCC-1",0.341366252678258,0.658633747321742,0,0,0,0,0,0,0
"953","TTGTACACCTCGAACA-1",0,0.694687679165155,-4.6725168902021e-18,0,0.209343551558098,0,0.0959687692767468,0,0
"954","TTGTATCACACAGAAT-1",0,0.0822163756972275,0,0,0.363914027433519,0,0.553869596869254,0,0
"955","TTGTCACCGCGGTATC-1",0,1,0,0,0,0,0,0,0
"956","TTGTCTCGGCAAGATG-1",0,1,0,0,0,0,0,0,0
"957","TTGTGGTAGGAGGGAT-1",0,1,0,0,0,0,0,0,0
"958","TTGTGTATGCCACCAA-1",0.127531021018055,0.872468978981945,0,0,0,0,0,0,0
"959","TTGTTCAGTGTGCTAC-1",0,1,0,0,0,0,0,0,0
"960","TTGTTGGCAATGACTG-1",0,1,0,0,0,0,0,0,0
"961","TTGTTGTGTGTCAAGA-1",0,1,0,0,0,0,0,0,0
"962","TTGTTTGTATTACACG-1",0,1,0,0,0,0,0,0,0
