"","cell_ID","SMCs_Fibroblasts_Hybrids","SMCs_maintype","SMCs_subtype","Macrophages_and_MDSCs","Fibroblasts","Mast_cells","Endothelial_cells","NK_and_T_cells","B_cells"
"1","AAACATTTCCCGGATT-1",1,0,0,0,0,0,0,0,0
"2","AAACGAGACGGTTGAT-1",0.95654873300232,0,0,0.0434512669976804,0,0,0,0,0
"3","AAACGCCCGAGATCGG-1",0,0.16229473061581,0,0.216876372359076,0.620828897025114,0,0,0,0
"4","AAACGTGTTCGCCCTA-1",0.632468585970747,0.367531414029253,0,0,0,0,0,0,0
"5","AAACTAACGTGGCGAC-1",0.140488819531492,0.859511180468508,0,0,0,0,0,0,0
"6","AAAGCTTGCCTACATA-1",0.375888523073978,0.624111476926022,0,0,0,0,0,0,0
"7","AAAGGCCCTATAATAC-1",0,1,0,0,0,0,0,0,0
"8","AAAGGCTCTCGCGCCG-1",0.933133346816489,0,0,0.0668666531835113,0,0,0,0,0
"9","AAAGGTAAGCTGTACC-1",0.962812537771555,0,0,0.0371874622284451,0,0,0,0,0
"10","AAATAAGGTAGTGCCC-1",0,1,0,0,0,0,0,0,0
"11","AAATAGGGTGCTATTG-1",0.879429295371218,0,0,0.120570704628782,0,0,0,0,0
"12","AAATGGCATGTCTTGT-1",0.953591597001482,0,0,0.046408402998518,0,0,0,0,0
"13","AAATGGTCAATGTGCC-1",0.773523140003376,0.226476859996624,0,0,0,0,0,0,0
"14","AAATGTATCTTATCCC-1",0.464015087297074,0.488513112015378,0,0.0474718006875475,0,0,0,0,0
"15","AAATTAACGGGTAGCT-1",0.910240516673451,0,0.010528535577655,0.0792309477488936,0,0,0,0,0
"16","AAATTAATAAGCGCGA-1",0.717995641180312,0.282004358819688,0,0,0,0,0,0,0
"17","AAATTGGTGAGAAGCA-1",0.584677465266396,0.2922448663951,0,0.123077668338504,0,0,0,0,0
"18","AAATTTACCGAAATCC-1",0,1,0,0,0,0,0,0,0
"19","AACAACTGGTAGTTGC-1",1,0,0,0,0,0,0,0,0
"20","AACAATACATTGTCGA-1",1,0,0,0,0,0,0,0,0
"21","AACACACGCTCGCCGC-1",0,1,0,0,0,0,0,0,0
"22","AACACGACTGTACTGA-1",0,1,0,0,0,0,0,0,0
"23","AACATTGAAGTTGATC-1",0.484374017593902,0.515625982406098,0,0,0,0,0,0,0
"24","AACCAGTATCACTCTT-1",0,1,0,0,0,0,0,0,0
"25","AACCCGATAGGGCTTC-1",0.419592239684351,0.424198926821294,0,0,0.156208833494356,0,0,0,0
"26","AACCCTGGTGGAACCA-1",0.0558913233613451,0.891741158432996,0,0,0.0523675182056592,0,0,0,0
"27","AACCGTTGTGTTTGCT-1",0.666740487673342,0.333259512326658,0,0,0,0,0,0,0
"28","AACCTTTAAATACGGT-1",0.625663035270682,0,0,0.374336964729318,0,0,0,0,0
"29","AACGATAATGCCGTAG-1",0.827711623534025,0,0,0.172288376465975,0,0,0,0,0
"30","AACGATAGAAGGGCCG-1",1,0,0,0,0,0,0,0,0
"31","AACGCTGTTGCTGAAA-1",0.656194195826625,0.343805804173375,0,0,0,0,0,0,0
"32","AACGTCAGACTAGTGG-1",0.565808437894517,0.434191562105483,0,0,0,0,0,0,0
"33","AACGTGATGAAGGACA-1",0.67251022519959,0.32748977480041,0,0,0,0,0,0,0
"34","AACGTGCGAAAGTCTC-1",1,0,0,0,0,0,0,0,0
"35","AACGTTATCAGCACCT-1",0.938240437704938,0.00599908695947509,0,0.0557604753355867,0,0,0,0,0
"36","AACTAGGCTTGGGTGT-1",0.887258065748125,0,0,0.112741934251876,0,0,0,0,0
"37","AACTCTCAATAGAGCG-1",0.993254477399656,0.0067455226003437,0,0,0,0,0,0,0
"38","AACTGAGGTCAGCGTC-1",0.652437858116385,0.347562141883615,-2.88906174429104e-19,0,0,0,0,0,0
"39","AACTGGGTTCGAGCCG-1",0,0.351754998402596,0,0,0.390955753942694,0,0.25728924765471,0,0
"40","AACTTTCTCGATCATG-1",0.345316776902542,0.654683223097458,0,0,0,0,0,0,0
"41","AAGAAATCACCAGATT-1",0,1,0,0,0,0,0,0,0
"42","AAGACTGCAAGCTACT-1",1,0,0,0,0,0,0,0,0
"43","AAGAGCTCTTTATCGG-1",0.822130363518602,0,0,0.177869636481398,0,0,0,0,0
"44","AAGAGGCATGGATCGC-1",1,0,0,0,0,0,0,0,0
"45","AAGATGGCACCGGACC-1",0.995147643673814,0.0048523563261859,0,0,0,0,0,0,0
"46","AAGCATACTCTCCTGA-1",0.495800218980092,0,0,0.504199781019908,0,0,0,0,0
"47","AAGCCGCCGTGAAATC-1",0,1,0,0,0,0,0,0,0
"48","AAGCCGCTTTACCTTG-1",0.505295183546508,0.494704816453492,0,0,0,0,0,0,0
"49","AAGCGGCGTCATGGGT-1",0.683864150549541,0.316135849450459,0,0,0,0,0,0,0
"50","AAGCTAGATCGAGTAA-1",0.262764803341335,0.737235196658665,2.94522375773153e-20,0,0,0,0,0,0
"51","AAGCTCGTGCCAAGTC-1",0.820576951623239,0.0051132253920154,0,0.0526644081092808,0,0,0,0,0.121645414875464
"52","AAGGCGCGTAAAGCTT-1",0,1,0,0,0,0,0,0,0
"53","AAGGCTGTGCTCATCG-1",0.877801924013363,0.122198075986637,0,0,0,0,0,0,0
"54","AAGTAGAAGACCGGGT-1",1,0,0,0,0,0,0,0,0
"55","AAGTCTAGTAGCTGCC-1",0.992599839715585,0.00740016028441494,0,0,0,0,0,0,0
"56","AAGTGCAAAGGTAGAC-1",1,0,0,0,0,0,0,0,0
"57","AAGTGTTTGGAGACGG-1",1,0,0,0,0,0,0,0,0
"58","AATAGCAAGCCTCCTG-1",0,1,0,0,0,0,0,0,0
"59","AATAGTCGCGAGTCGG-1",0,1,0,0,0,0,0,0,0
"60","AATCATGTAAAGACTC-1",0.217017059613595,0.782982940386405,0,0,0,0,0,0,0
"61","AATCGCCTCAGCGCCA-1",0.236244445885249,0.763755554114751,0,0,0,0,0,0,0
"62","AATCGGGACACTACGA-1",0,0.28062425537999,0,0.105639401220046,0.613736343399964,0,0,0,0
"63","AATCTATGCCGGAGCC-1",0.939972424258259,0.00277837919293388,0,0.057249196548807,0,0,0,0,0
"64","AATCTGGGTAGACCCT-1",0,0.370631298279921,0,0.261463592756662,0.367905108963417,0,0,0,0
"65","AATGACTGTCAGCCGG-1",0.57475020957648,0,0,0.42524979042352,0,0,0,0,0
"66","AATGGCCGCCAATGCG-1",0,0.31750441786501,0,0.0612973426152389,0.505921801677409,0,0.115276437842342,0,0
"67","AATGTGCTAATCTGAG-1",0.863526861646467,0,0,0,0,0.136473138353533,0,0,0
"68","AATTACTCGTACGCTC-1",0.529290049881278,0.43973490987891,0,0,0,0,0,0.0309750402398123,0
"69","AATTAGCGCTGCAGCG-1",0.497318631001003,0.502681368998997,0,0,0,0,0,0,0
"70","AATTATACCCAGCAAG-1",0.785649728923237,0.214350271076763,0,0,0,0,0,0,0
"71","AATTGCAGCAATCGAC-1",0.993992708632338,0.00600729136766166,0,0,0,0,0,0,0
"72","AATTTGGTTCCAAAGA-1",0.621844999159596,0.378155000840404,0,0,0,0,0,0,0
"73","ACAAAGCATGACCTAG-1",0.938859825229939,0,0,0.0611401747700605,0,0,0,0,0
"74","ACAAATCGCACCGAAT-1",0.39749484522945,0.60250515477055,0,0,0,0,0,0,0
"75","ACAAATTCAGATCTGA-1",0.186887947642242,0.813112052357758,0,0,0,0,0,0,0
"76","ACAAGGAAATCCGCCC-1",0,1,-2.56557062607955e-19,0,0,0,0,0,0
"77","ACAAGGACAAGAGGTT-1",0.194119621359548,0.71573041638438,0,0,0,0,0.0901499622560719,0,0
"78","ACAAGGCCTACCAGCC-1",0,0.346213110999931,0,0,0.653786889000069,0,0,0,0
"79","ACAAGTAATTGTAAGG-1",0.32629515187981,0.67370484812019,0,0,0,0,0,0,0
"80","ACAATGATTCTTCTAC-1",0,1,0,0,0,0,0,0,0
"81","ACACAAATATTCCTAG-1",0.458205283331769,0.541794716668231,0,0,0,0,0,0,0
"82","ACACACTTTCTACACG-1",0.682289969173162,0.317710030826838,0,0,0,0,0,0,0
"83","ACACCACATAATTAGC-1",0,1,0,0,0,0,0,0,0
"84","ACACCGAGCGCTCTTT-1",0.746484368045665,0,0,0.253515631954335,0,0,0,0,0
"85","ACACCTTAAGTAGGGC-1",1,0,0,0,0,0,0,0,0
"86","ACACGGCACTATGCAT-1",0,0.618471687777257,0,0,0.288783380599706,0,0.0927449316230376,0,0
"87","ACAGCATAGAGCCAGT-1",0,0.654389040120249,0,0.0659378553634512,0.2796731045163,0,0,0,0
"88","ACAGCGACATTCTCAT-1",0.687052940671817,0.312947059328183,0,0,0,0,0,0,0
"89","ACAGCGCACCCGCAGC-1",0.991721276443295,0.00827872355670466,0,0,0,0,0,0,0
"90","ACAGGCACGGATCCTT-1",0.742250704310347,0,0,0.257749295689653,0,0,0,0,0
"91","ACAGGCTTGCCCGACT-1",0.902065416160002,0,0,0.0979345838399983,0,0,0,0,0
"92","ACAGTATACCGTGGGA-1",0.906641744621515,0,0,0.0933582553784847,0,0,0,0,0
"93","ACATACAATCAAGCGG-1",0,1,0,0,0,0,0,0,0
"94","ACATCCCGGCCATACG-1",1,0,0,0,0,0,0,0,0
"95","ACATCGCAATATTCGG-1",0.940094117676552,0.0599058823234484,0,0,0,0,0,0,0
"96","ACATCGTTAACCTAGT-1",0.544354212709804,0.455645787290196,0,0,0,0,0,0,0
"97","ACATTAGTTTATATCC-1",0.455490395837042,0.544509604162958,0,0,0,0,0,0,0
"98","ACATTCGCGCGGAATA-1",0.992032284548863,0.00796771545113681,0,0,0,0,0,0,0
"99","ACATTTGAAACCTAAC-1",0,1,0,0,0,0,0,0,0
"100","ACCAACCGCACTCCAC-1",0.668910313586117,0,0,0.331089686413883,0,0,0,0,0
"101","ACCAACGCTTATTTAT-1",0.47072987148378,0.52927012851622,0,0,0,0,0,0,0
"102","ACCAAGAACGCGTGTC-1",0.994642434492973,0.0053575655070272,0,0,0,0,0,0,0
"103","ACCACAACTCAGAACA-1",0.264092234337893,0.735907765662107,0,0,0,0,0,0,0
"104","ACCACCCTCTCTTCTA-1",0.674811944475477,0.325188055524523,0,0,0,0,0,0,0
"105","ACCACTGTTCAAGAAG-1",0.641376449147403,0.358623550852597,0,0,0,0,0,0,0
"106","ACCAGTGCCCGGTCAA-1",0.992918970565224,0.00708102943477592,0,0,0,0,0,0,0
"107","ACCATATCCGCAATAA-1",0.52238608926859,0.477613910731411,0,0,0,0,0,0,0
"108","ACCATTAAGGGTGTCA-1",0.428058141414366,0.571941858585634,0,0,0,0,0,0,0
"109","ACCCATTTGTCCCTCT-1",0.992103332363996,0.00789666763600385,0,0,0,0,0,0,0
"110","ACCCGAGCGAAATTAC-1",0,1,0,0,0,0,0,0,0
"111","ACCCTATGCCATATCG-1",0.299772286362313,0.700227713637687,0,0,0,0,0,0,0
"112","ACCCTCCCGTCAGGGC-1",0.993214510954046,0.00678548904595446,0,0,0,0,0,0,0
"113","ACCCTTCATCTGCGAA-1",0.99306825636122,0.00693174363877959,0,0,0,0,0,0,0
"114","ACCCTTGCCTGGGTCG-1",0.115981526819698,0.884018473180302,0,0,0,0,0,0,0
"115","ACCCTTTAGTTCTCCA-1",0,0.833910728209658,0,0,0.166089271790342,0,0,0,0
"116","ACCGATGGTAGCATCG-1",0.99091123968215,0.00908876031784963,0,0,0,0,0,0,0
"117","ACCGCAATAACTGCCT-1",0.812219383213143,0.187780616786857,0,0,0,0,0,0,0
"118","ACCGTGACCACGTGGG-1",1,0,0,0,0,0,0,0,0
"119","ACGACTCTAGGGCCGA-1",1,0,0,0,0,0,0,0,0
"120","ACGACTGGTCATACTC-1",1,0,0,0,0,0,0,0,0
"121","ACGAGATATTTGCTTA-1",0.661525074302045,0.338474925697955,0,0,0,0,0,0,0
"122","ACGAGTACGGATGCCC-1",0.720046932472808,0,0,0.279953067527192,0,0,0,0,0
"123","ACGATACCTATCCTGA-1",0.515096560099361,0.484903439900639,0,0,0,0,0,0,0
"124","ACGATCATCTTGTAAA-1",0.152274256774484,0.847725743225516,0,0,0,0,0,0,0
"125","ACGATGGATCCGATGC-1",0.329601460913845,0.670398539086155,-6.42571508827895e-19,0,0,0,0,0,0
"126","ACGCATAAATGACATG-1",0,0.753941521433759,0,0.166651216027723,0.0794072625385177,0,0,0,0
"127","ACGCGGGCCAAGGACA-1",0.617877763155381,0.232593625341917,0,0,0,0,0,0.149528611502702,0
"128","ACGCGTTTCTTAAGAG-1",0.691173609806493,0.308826390193507,0,0,0,0,0,0,0
"129","ACGGCACTTGCTTGGG-1",0.529108939501756,0.470891060498244,-6.62154222579303e-19,0,0,0,0,0,0
"130","ACGGCCAACATGGACT-1",0.993236618686874,0.00676338131312606,0,0,0,0,0,0,0
"131","ACGGCGACGATGGGAA-1",0,1,0,0,0,0,0,0,0
"132","ACGGGCGTATGCGACA-1",0.993678923312499,0.00632107668750059,0,0,0,0,0,0,0
"133","ACGGGTCATGTGACTT-1",0.190331281617855,0.809668718382145,0,0,0,0,0,0,0
"134","ACGGTACAGTTCAATG-1",0.704755572143818,0.295244427856182,0,0,0,0,0,0,0
"135","ACGTACAGATTTCTCT-1",0,1,0,0,0,0,0,0,0
"136","ACGTTATTGGTCACTC-1",0.711679017045903,0.288320982954097,0,0,0,0,0,0,0
"137","ACGTTCGCAATCAATT-1",0.165381319007641,0.834618680992359,0,0,0,0,0,0,0
"138","ACGTTCGTTCAGGAAA-1",0.898127073996049,0.0142829858181215,0,0.0875899401858292,0,0,0,0,0
"139","ACGTTCTGTACAAGTC-1",0.798952311443743,0,0.0443996695756606,0.156648018980597,0,0,0,0,0
"140","ACGTTTAGTTGTGATC-1",0.798849513472608,0,0.0598316298998836,0.141318856627508,0,0,0,0,0
"141","ACTAATACGTCAGGCG-1",0.747703646858741,0.252296353141259,0,0,0,0,0,0,0
"142","ACTACCAGCTCTCTGG-1",0.992111185590234,0.00788881440976617,0,0,0,0,0,0,0
"143","ACTATCGCCGGCTAAA-1",0.993557128121737,0.00644287187826269,0,0,0,0,0,0,0
"144","ACTATTTCCGGGCCCA-1",0.991825989280394,0.00817401071960591,0,0,0,0,0,0,0
"145","ACTCCAATATCATCAT-1",0.799381446718291,0.200618553281709,0,0,0,0,0,0,0
"146","ACTCCCGAATTCGTTT-1",0.993069844454686,0.00693015554531428,0,0,0,0,0,0,0
"147","ACTCCCGTAGACTAGG-1",0,0.863328580454719,0.136671419545281,0,0,0,0,0,0
"148","ACTCCGGCCGACCACT-1",0.754378836304057,0,0,0.245621163695943,0,0,0,0,0
"149","ACTCGATGTATTTCAT-1",0.54730907400425,0.375528027202137,0,0.0771628987936133,0,0,0,0,0
"150","ACTCGTCAGTAATCCC-1",1,0,0,0,0,0,0,0,0
"151","ACTCTAAACCTGGGAT-1",0.611768189149049,0.388231810850952,0,0,0,0,0,0,0
"152","ACTCTCTTATACACGA-1",0.405634924841281,0.594365075158719,0,0,0,0,0,0,0
"153","ACTCTGACCTAATAGA-1",1,0,0,0,0,0,0,0,0
"154","ACTCTTGTATAGTAAC-1",1,0,0,0,0,0,0,0,0
"155","ACTGAAACGCCGTTAG-1",0.768726233089366,0,0.118047460495912,0.113226306414722,0,0,0,0,0
"156","ACTGATTTAGTGATTC-1",0,0.124902340362056,0,0.245422281064069,0.629675378573875,0,0,0,0
"157","ACTGCCCGCCATTCTC-1",0.77237148389827,0.22762851610173,0,0,0,0,0,0,0
"158","ACTGTAGCACTTTGGA-1",0.454910221354088,0.545089778645912,0,0,0,0,0,0,0
"159","ACTTACCGGGCGCGCA-1",1,0,0,0,0,0,0,0,0
"160","ACTTATACTTACCCGG-1",0.43929983796228,0.56070016203772,0,0,0,0,0,0,0
"161","ACTTATTAGGATCGGT-1",0.742307526222103,0.24284544299524,0,0,0.0148470307826564,0,0,0,0
"162","ACTTCAGGCTGATCCC-1",0.496510059649221,0.503489940350779,2.73429769910762e-19,0,0,0,0,0,0
"163","ACTTTACCCTCATGAA-1",0.63993609250018,0.287929802871147,0,0.0721341046286734,0,0,0,0,0
"164","AGAACTGTACTTTGTA-1",0,1,0,0,0,0,0,0,0
"165","AGAAGAGCGCCGTTCC-1",0.0798733203121589,0.920126679687841,0,0,0,0,0,0,0
"166","AGAATGCGGGTTCGGA-1",0.94907703975662,0,0,0.0509229602433802,0,0,0,0,0
"167","AGAATTATGGATTCGA-1",0.605052937112488,0,0.148054937073965,0.246892125813546,0,0,0,0,0
"168","AGACAGCTCAGAATCC-1",0.640407058736444,0.359592941263556,0,0,0,0,0,0,0
"169","AGACCCACCGCTGATC-1",0,1,0,0,0,0,0,0,0
"170","AGACGGGCCGATTTAA-1",0.721985270471083,0.278014729528917,0,0,0,0,0,0,0
"171","AGAGAAGGAGTACAAT-1",0.558325275492619,0.441674724507381,0,0,0,0,0,0,0
"172","AGAGCGCTTGTAACGG-1",0.233602615165693,0.766397384834307,0,0,0,0,0,0,0
"173","AGAGTATAGTGTTACG-1",0,1,0,0,0,0,0,0,0
"174","AGAGTTAGAGACCGAT-1",0,1,0,0,0,0,0,0,0
"175","AGATAACTTCAGGGCC-1",1,0,0,0,0,0,0,0,0
"176","AGATACCAGCACTTCA-1",0.441808714053231,0.558191285946769,0,0,0,0,0,0,0
"177","AGATGATGGAGTCTGG-1",0,1,5.92184917950256e-21,0,0,0,0,0,0
"178","AGATGCTATAACGAGC-1",0.9928533124221,0.00714668757790017,0,0,0,0,0,0,0
"179","AGATTATAGGACGTTT-1",1,0,0,0,0,0,0,0,0
"180","AGCACACGTTTAGACT-1",0.988734369825603,0.0112656301743968,0,0,0,0,0,0,0
"181","AGCACTACCTCACCAG-1",1,0,0,0,0,0,0,0,0
"182","AGCAGCCAGATGAATA-1",0.845947780850164,0.00534535480721091,0,0.148706864342625,0,0,0,0,0
"183","AGCATTACGAGGCAAG-1",0,1,0,0,0,0,0,0,0
"184","AGCCCGGCATTAGAGG-1",0.0592698217356186,0.940730178264381,0,0,0,0,0,0,0
"185","AGCCCTAAGCGAAGTT-1",0.835272267639578,0,0,0,0,0,0,0.164727732360422,0
"186","AGCCCTCCCTGGTGGC-1",1,0,0,0,0,0,0,0,0
"187","AGCCGCTTGATTAGCG-1",0.491674894169906,0.508325105830094,0,0,0,0,0,0,0
"188","AGCCTTAAAGCGGAAG-1",1,0,0,0,0,0,0,0,0
"189","AGCGACATCCCATTCA-1",0.853032016203207,0,0,0.146967983796793,0,0,0,0,0
"190","AGCGAGACGTGAAGGC-1",0.478184273699491,0.521815726300509,0,0,0,0,0,0,0
"191","AGCGCATAATGAATCG-1",1,0,0,0,0,0,0,0,0
"192","AGCGCTTATGGGCAAG-1",0.99372716084749,0.00627283915251037,0,0,0,0,0,0,0
"193","AGCTAACAAGCAATGT-1",1,0,0,0,0,0,0,0,0
"194","AGCTCCTTCGCACATC-1",1,0,0,0,0,0,0,0,0
"195","AGCTCGTTGATGGAAA-1",0.537459850122411,0.462540149877589,0,0,0,0,0,0,0
"196","AGCTCTAGACGTTCCA-1",0.634759926673884,0.365240073326116,0,0,0,0,0,0,0
"197","AGCTTCTTCTCGAGCA-1",0.706531502221088,0.288066876873965,0.00540162090494681,0,0,0,0,0,0
"198","AGGACTTATAGGAGAA-1",0.427920358513842,0.572079641486158,0,0,0,0,0,0,0
"199","AGGAGACATCCACAGT-1",0.729619348257142,0.270380651742859,0,0,0,0,0,0,0
"200","AGGATAAAGTCGGGAT-1",1,0,0,0,0,0,0,0,0
"201","AGGATATCCGACTGCA-1",0.502298207581604,0.497701792418396,0,0,0,0,0,0,0
"202","AGGCCACCCGTTATGA-1",0,1,0,0,0,0,0,0,0
"203","AGGCCCATTGTACAGG-1",1,0,0,0,0,0,0,0,0
"204","AGGGACTCTACGCGAC-1",1,0,0,0,0,0,0,0,0
"205","AGGGAGACATACTTCG-1",0.666594956148912,0.289952377145598,0,0.04345266670549,0,0,0,0,0
"206","AGGGCAGCGGCGTGGT-1",0.231509849379475,0.768490150620525,0,0,0,0,0,0,0
"207","AGGGCGTGATCGGCTA-1",0,1,0,0,0,0,0,0,0
"208","AGGGCTGCAGTTACAG-1",0.942336305739255,0,0,0.0576636942607453,0,0,0,0,0
"209","AGGGTCGATGCGAACT-1",0,1,0,0,0,0,0,0,0
"210","AGGGTGCCGTTCTTTA-1",0.846625740894388,0,0,0.153374259105612,0,0,0,0,0
"211","AGGGTGCTCTCGAGGG-1",0.562372372177348,0,0.4369668781917,0,0,0.000660749630951336,0,0,0
"212","AGGGTGTGCTACACGC-1",0,0.395772578269571,0,0,0.224094169496243,0,0.380133252234186,0,0
"213","AGGTACGATATTGCCA-1",0.880013248380935,0,0,0.119986751619065,0,0,0,0,0
"214","AGGTAGATCGAGATAT-1",0.993355159610377,0.00664484038962321,0,0,0,0,0,0,0
"215","AGTAACGTTCATCCTG-1",0,1,0,0,0,0,0,0,0
"216","AGTAATCTAAGGGTGG-1",1,0,0,0,0,0,0,0,0
"217","AGTAATGTCTTGCCGC-1",0.865060666377784,0,0,0.134939333622216,0,0,0,0,0
"218","AGTACATCATTTATCA-1",0.907779989864251,0,0,0.0922200101357487,0,0,0,0,0
"219","AGTACCTTCGAGTGCT-1",0.933620118507116,0,0,0.0663798814928843,0,0,0,0,0
"220","AGTACGTGGCCTGTCT-1",0,1,0,0,0,0,0,0,0
"221","AGTACTCTTATGCCCA-1",0.35578177508361,0,0,0.64421822491639,0,0,0,0,0
"222","AGTAGGTAACATACAT-1",0,1,0,0,0,0,0,0,0
"223","AGTCACTAGCTCTCGA-1",0,1,0,0,0,0,0,0,0
"224","AGTCCCTCGCAGAAAG-1",0.598289565368662,0.401710434631338,0,0,0,0,0,0,0
"225","AGTCGACGGTCTCAAG-1",0,1,0,0,0,0,0,0,0
"226","AGTCGGCCCAAACGAC-1",0.99147678178921,0.00852321821079009,0,0,0,0,0,0,0
"227","AGTCGTCGACCACCAA-1",0.909929256332962,0,0,0.0900707436670375,0,0,0,0,0
"228","AGTCTAAAGTATACTC-1",0.994346935930708,0.00565306406929198,0,0,0,0,0,0,0
"229","AGTGAAGATGGTGTCC-1",0.928155049860251,0,0,0.0718449501397495,0,0,0,0,0
"230","AGTGACTGTGACACAA-1",1,0,0,0,0,0,0,0,0
"231","AGTGAGACTTCCAGTA-1",0.559229894609492,0.440770105390508,3.92695926124829e-20,0,0,0,0,0,0
"232","AGTGAGCCTCGCCGCC-1",0.777982071390456,0,0,0.222017928609544,0,0,0,0,0
"233","AGTGAGGGTTTCTGAC-1",0.57350770635905,0.42649229364095,0,0,0,0,0,0,0
"234","AGTGGCCCGCAAATGG-1",0.605974213923556,0.394025786076444,0,0,0,0,0,0,0
"235","AGTGGGAGTATACACG-1",0.557384950158679,0.442615049841321,0,0,0,0,0,0,0
"236","AGTGTGCTAAGATCGC-1",0.555165684152157,0.444834315847843,0,0,0,0,0,0,0
"237","AGTTACCCTTAAGACT-1",0.991704778043449,0.00829522195655122,0,0,0,0,0,0,0
"238","AGTTCACCGGTTGGAC-1",0.843116101144523,0.118503233251782,0,0,0,0,0.0383806656036944,0,0
"239","AGTTTATGTAAAGACA-1",0.581771027175525,0.418228972824475,0,0,0,0,0,0,0
"240","AGTTTCGCAGGTCGGA-1",0.626929680257283,0.373070319742717,0,0,0,0,0,0,0
"241","ATAAAGGCTCGGTCGT-1",1,0,0,0,0,0,0,0,0
"242","ATAAAGGTCAAGTACG-1",0,0.448338839059868,0,0.163746009334423,0.387915151605709,0,0,0,0
"243","ATAACGCCGGAGGGTC-1",0.802443326793423,0,0,0.0877248825104654,0,0,0,0.109831790696112,0
"244","ATAACGTTACCTCCAC-1",1,0,0,0,0,0,0,0,0
"245","ATAAGGTGGAGAACAT-1",0.322897089385445,0.677102910614555,0,0,0,0,0,0,0
"246","ATAAGTACCCGATTGT-1",0.988999402678382,0.0110005973216182,-4.0034177982747e-22,0,0,0,0,0,0
"247","ATACCAGGCTAATAGA-1",0.384858222341874,0.340712609330374,0,0,0.204564888086737,0,0,0.0698642802410149,0
"248","ATAGACGAAGAGAAAG-1",1,0,0,0,0,0,0,0,0
"249","ATAGCAACTAGGGAAG-1",1,0,0,0,0,0,0,0,0
"250","ATAGCCTCAGTACCCA-1",1,0,0,0,0,0,0,0,0
"251","ATAGCTGCTCTTGTTA-1",0.800394233156022,0.196665545465377,0,0,0,0.0029402213786009,0,0,0
"252","ATAGTCTTTGACGTGC-1",0,4.52675460902178e-21,0,0,1,0,0,0,0
"253","ATATAAATGTAGCTGC-1",0.642889854870878,0,0,0.357110145129122,0,0,0,0,0
"254","ATATAACACGGGCGCA-1",0.776570212898842,0,0,0.122439506739735,0,0.100990280361423,0,0,0
"255","ATATCGTTCCTCGAAC-1",0.488193655748539,0.511806344251461,0,0,0,0,0,0,0
"256","ATATCTTAGGGCCTTC-1",0.500499018392813,0,0,0.499500981607187,0,0,0,0,0
"257","ATATGTCTCCCTAGCC-1",0.671941979424444,0.328058020575556,0,0,0,0,0,0,0
"258","ATATGTGCACAAACCA-1",0,1,0,0,0,0,0,0,0
"259","ATATTATCCCGTATTT-1",1,0,0,0,0,0,0,0,0
"260","ATATTCCACATAGTGA-1",0.787889036643318,0.212110963356682,0,0,0,0,0,0,0
"261","ATATTCCCACAGGTCA-1",0,1,0,0,0,0,0,0,0
"262","ATCAGGTCGCCATTGC-1",1,0,0,0,0,0,0,0,0
"263","ATCATCCAATATTTGT-1",0.994254160770612,0.00574583922938764,0,0,0,0,0,0,0
"264","ATCCAACGCAGTCATA-1",0,1,0,0,0,0,0,0,0
"265","ATCCACGCTAAATGTT-1",0,0.412777754469988,0,0,0.587222245530012,0,0,0,0
"266","ATCGGAGACAGACGGC-1",0.990056647523473,0.00994335247652699,0,0,0,0,0,0,0
"267","ATCGTATTCCGAGAAC-1",0.645907729709833,0.354092270290167,0,0,0,0,0,0,0
"268","ATCGTTAGCTAGCGGA-1",0.656240031974359,0.343759968025641,0,0,0,0,0,0,0
"269","ATCGTTCACTTTCGCC-1",0.992903898571615,0.00709610142838459,0,0,0,0,0,0,0
"270","ATCTAACGTCCCTATG-1",0.790932722684631,0.209067277315369,0,0,0,0,0,0,0
"271","ATCTAATATCCTACGG-1",0.999986899123832,0,0,0,0,0,1.31008761678775e-05,0,0
"272","ATCTGATAGTGTCTTA-1",0.67199739326066,0.219814778473626,0,0.108187828265714,0,0,0,0,0
"273","ATCTGCACCTCTGCGA-1",0.591769114505446,0,0.139856467219729,0.268374418274825,0,0,0,0,0
"274","ATCTGTAATTGTACCC-1",0.992368733934561,0.00763126606543875,0,0,0,0,0,0,0
"275","ATCTTATCGCACACCC-1",0,1,0,0,0,0,0,0,0
"276","ATCTTGACCTGCAACG-1",0.906228906485032,0,0,0.093771093514968,0,0,0,0,0
"277","ATCTTGACTTGTCCAA-1",0.901866863673454,0.0105236389430084,-7.61981997418996e-22,0.0876094973835374,0,0,0,0,0
"278","ATCTTTCGTATAACCA-1",0.705492467394512,0.294507532605488,0,0,0,0,0,0,0
"279","ATGAAGCCAAGGAGCC-1",0.992997764876361,0.00700223512363931,0,0,0,0,0,0,0
"280","ATGAAGTGGACCCAGC-1",0.560578075301127,0.439421924698873,0,0,0,0,0,0,0
"281","ATGACGCCGGCTCTAA-1",0.992751269414711,0.00724873058528937,0,0,0,0,0,0,0
"282","ATGATCGGGAATAGAC-1",1,0,0,0,0,0,0,0,0
"283","ATGCACTACCGCATTG-1",0.990970030192324,0.0090299698076762,0,0,0,0,0,0,0
"284","ATGCGACAATTGGTCC-1",0.869360033773191,0,0,0.130639966226809,0,0,0,0,0
"285","ATGCGACAGTCCCATT-1",0.760772717301534,0,0,0.239227282698466,0,0,0,0,0
"286","ATGGAGCAGGCCGTGA-1",1,0,0,0,0,0,0,0,0
"287","ATGGCTGGAAATGGCC-1",0.993842406823764,0.00615759317623644,0,0,0,0,0,0,0
"288","ATGGGAACGGAAGCGG-1",0,0.353924748316046,0,0.0875967661629907,0.558478485520963,0,0,0,0
"289","ATGGGACCTGCTGAAC-1",0.413576221219769,0.586423778780231,-1.16165359897742e-18,0,0,0,0,0,0
"290","ATGGGTGTATACCTCC-1",0.701370916574111,0.296566695114585,0.00206238831130445,0,0,0,0,0,0
"291","ATGTAAGGCTGCTCTT-1",0,1,0,0,0,0,0,0,0
"292","ATGTTCCTGCCCACCT-1",0,1,0,0,0,0,0,0,0
"293","ATGTTGATTAGAGACT-1",1,0,0,0,0,0,0,0,0
"294","ATTAATTCGGTCACTC-1",0.822596070788283,0.177403929211717,0,0,0,0,0,0,0
"295","ATTACAACTACCGGCC-1",0.894547388258215,0.105452611741785,0,0,0,0,0,0,0
"296","ATTACGACTCCACAGT-1",0.85931938099748,0,0,0.14068061900252,0,0,0,0,0
"297","ATTACTAGCCTCTTGC-1",0,1,0,0,0,0,0,0,0
"298","ATTAGATTGATAGCGG-1",0.992729420879274,0.00727057912072648,0,0,0,0,0,0,0
"299","ATTAGGCGATGCTTTC-1",1,0,0,0,0,0,0,0,0
"300","ATTATCTCGACAGATC-1",0.26758183526587,0.496856510754399,0,0.110094760751748,0,0,0.125466893227982,0,0
"301","ATTATGCTCAGTATTG-1",0,0.0723242199825399,0,0.0886419921274837,0.839033787889976,0,0,0,0
"302","ATTATTATGTCCGTCA-1",0.993549998923318,0.00645000107668242,0,0,0,0,0,0,0
"303","ATTATTCAGAGTCACT-1",0.946084401429495,0,0,0.0539155985705053,0,0,0,0,0
"304","ATTCAACCATTTAAGG-1",0.396873886191843,0.603126113808157,0,0,0,0,0,0,0
"305","ATTCCTCCGCCAGTGC-1",0,1,0,0,0,0,0,0,0
"306","ATTCGCAGAGGACACT-1",0,1,0,0,0,0,0,0,0
"307","ATTCTGAGTATGAACT-1",0,1,0,0,0,0,0,0,0
"308","ATTCTTCGTACTTATG-1",1,0,0,0,0,0,0,0,0
"309","ATTGACGTAACTCGGT-1",0.238720239897935,0.761279760102064,0,0,0,0,0,0,0
"310","ATTGATGAGTCCTAAC-1",0.85791969529998,0.00980877469757547,0,0.132271530002445,0,0,0,0,0
"311","ATTGCCTATTAGACCG-1",0.748027386669946,0.251972613330054,0,0,0,0,0,0,0
"312","ATTGCTGCTCCTCCAT-1",0,1,0,0,0,0,0,0,0
"313","ATTGGGAATATCTTGG-1",0.1035940416013,0.8964059583987,0,0,0,0,0,0,0
"314","ATTGGGAGTTCTGTAA-1",0,1,0,0,0,0,0,0,0
"315","ATTGTACAACTCGGCT-1",0,1,3.28067860519618e-19,0,0,0,0,0,0
"316","ATTGTGACTTCGCTGC-1",0.918077942013306,0,0,0.0819220579866936,0,0,0,0,0
"317","ATTTAACTCGTATTAC-1",0.311888348805404,0.688111651194596,0,0,0,0,0,0,0
"318","ATTTACAGTTTACTGG-1",0,0.644522067553388,0.355477932446612,0,0,0,0,0,0
"319","ATTTACTAAGTCCATT-1",0.655331801456377,0.344668198543623,0,0,0,0,0,0,0
"320","CAAACCATAAGCGTAT-1",0.456022875619149,0.543977124380851,0,0,0,0,0,0,0
"321","CAAACGGTCGCACTTT-1",0.688264169998335,0.311735830001665,-4.33133336909936e-19,0,0,0,0,0,0
"322","CAAACGTGGTCTTGCG-1",0,0.376198886987522,0,0.179526773916531,0.444274339095947,0,0,0,0
"323","CAAACTACGATAGAGA-1",0.992856292410324,0.00714370758967576,0,0,0,0,0,0,0
"324","CAAACTATTGAGCTTC-1",1,0,0,0,0,0,0,0,0
"325","CAAAGGTTAAATTCAG-1",0.472733855149599,0.431277733284972,0,0.0959884115654292,0,0,0,0,0
"326","CAAATTGGATTATGCC-1",0.691611945573863,0.308388054426137,0,0,0,0,0,0,0
"327","CAAATTGTCAGCAAGC-1",0.760495253515336,0.239504746484664,0,0,0,0,0,0,0
"328","CAACCGCACCTAGACA-1",0.733770833741781,0.266229166258219,0,0,0,0,0,0,0
"329","CAACCTACCGAGCAGT-1",0.249390703887716,0.750609296112284,0,0,0,0,0,0,0
"330","CAACCTGAACCTGCCA-1",0.282111162874002,0.717888837125998,0,0,0,0,0,0,0
"331","CAACGACCCGTTTACA-1",0.63712424128202,0,0,0.36287575871798,0,0,0,0,0
"332","CAACTCCAACGTTTAG-1",0,0.185366368776922,0,0.231351647943312,0.583281983279766,0,0,0,0
"333","CAACTCCGTAACTTGC-1",0.843053583787308,0.156946416212692,0,0,0,0,0,0,0
"334","CAACTCCTTGATCCCG-1",0.324892162439273,0.675107837560727,0,0,0,0,0,0,0
"335","CAACTGAGGGTATGAC-1",0,1,0,0,0,0,0,0,0
"336","CAAGCAACGTCGGAGT-1",0.465339344767203,0.534660655232797,0,0,0,0,0,0,0
"337","CAAGCGGCACATAATT-1",0.316179402027354,0,0,0.683820597972646,0,0,0,0,0
"338","CAAGGATCGCATGTTC-1",0.531934297575406,0.468065702424594,0,0,0,0,0,0,0
"339","CAAGGCCAGTGGTGCA-1",0.992948558329318,0.00705144167068193,0,0,0,0,0,0,0
"340","CAATATGTAGATTTAC-1",0.203679820435556,0.796320179564444,0,0,0,0,0,0,0
"341","CAATGAGGTTCGACTA-1",0,1,0,0,0,0,0,0,0
"342","CAATGCGAGAAGTATC-1",0.894047787689422,0,0,0.105952212310578,0,0,0,0,0
"343","CAATGGAATCTACATA-1",1,0,0,0,0,0,0,0,0
"344","CAATTTCGTATAAGGG-1",1,0,0,0,0,0,0,0,0
"345","CACACGCGCTGTCTTA-1",0.649291725360723,0.350708274639277,0,0,0,0,0,0,0
"346","CACACGTTTCAATGGG-1",0.77567007441468,0,0,0.22432992558532,0,0,0,0,0
"347","CACACTTGTATTGCGA-1",0.992761608488169,0.00723839151183148,0,0,0,0,0,0,0
"348","CACAGGGCCATATAGT-1",0.7114212196036,0.2885787803964,0,0,0,0,0,0,0
"349","CACATCGTGCACGCGC-1",1,0,0,0,0,0,0,0,0
"350","CACATGATTCAGCAAC-1",0.829393058031585,0.170606941968415,0,0,0,0,0,0,0
"351","CACCATCGGAGGAGAC-1",0.285699884245017,0.714300115754983,0,0,0,0,0,0,0
"352","CACCATGATCGCAAAG-1",0.936250849454403,0,0,0.0637491505455975,0,0,0,0,0
"353","CACCCAAATCTTATGT-1",0,1,0,0,0,0,0,0,0
"354","CACCGATACACCGAGC-1",0.994207444985194,0.00579255501480625,0,0,0,0,0,0,0
"355","CACCGCCGACCAGCGA-1",0,1,0,0,0,0,0,0,0
"356","CACCGGAGATATCTCC-1",0.452711459260734,0.547288540739265,0,0,0,0,0,0,0
"357","CACCGGGCATCACAAG-1",0.429803887658102,0.570196112341898,0,0,0,0,0,0,0
"358","CACGACGTAATAGTAA-1",0,1,0,0,0,0,0,0,0
"359","CACGAGCAAACCAGAC-1",0.980889892314441,0,0.0191101076855594,0,0,0,0,0,0
"360","CACGCAGCGAGGCTTT-1",1,0,0,0,0,0,0,0,0
"361","CACGGACGTGGATGGC-1",0.99509745958234,0.00490254041766023,0,0,0,0,0,0,0
"362","CACGTCTATGATGTGG-1",0,1,0,0,0,0,0,0,0
"363","CACGTTCGTGCTCTAG-1",0.992914136406275,0.00708586359372491,0,0,0,0,0,0,0
"364","CACGTTTCGTACACAC-1",0.970668806645167,0,0.0293311933548325,0,0,0,0,0,0
"365","CACTAAAGTTGCCTAT-1",1,0,0,0,0,0,0,0,0
"366","CACTACTCAGTTCTGT-1",0,0.157942228034725,0,0.0454922700249313,0.531170171305919,0,0.265395330634424,0,0
"367","CACTCAAGAGCTATGG-1",0.558933231435492,0.441066768564508,0,0,0,0,0,0,0
"368","CACTCAGCTCTTGAGG-1",0.652690462759588,0.347309537240412,0,0,0,0,0,0,0
"369","CACTCTTCTGCTAGCC-1",0.365740988443239,0.634259011556761,0,0,0,0,0,0,0
"370","CACTGTCCAAGTGAGA-1",0,1,0,0,0,0,0,0,0
"371","CACTTAATCAGACGGA-1",1,0,0,0,0,0,0,0,0
"372","CACTTCGTCTTATCTC-1",0,1,0,0,0,0,0,0,0
"373","CAGAACTTAGCCCTCT-1",0.744178286103053,0,0,0.255821713896947,0,0,0,0,0
"374","CAGACACCGATCGCTG-1",0.352466096329871,0.647533903670129,0,0,0,0,0,0,0
"375","CAGACCTGTAAGTGTT-1",0.776419763346756,0,0,0.223580236653244,0,0,0,0,0
"376","CAGAGACGGTCACCCA-1",0,1,0,0,0,0,0,0,0
"377","CAGAGGCGATGCATGA-1",0.992586386932963,0.00741361306703696,0,0,0,0,0,0,0
"378","CAGAGTGATTTAACGT-1",0,1,0,0,0,0,0,0,0
"379","CAGATAATGGGCGGGT-1",0,1,7.15998136752188e-20,0,0,0,0,0,0
"380","CAGATACTAACATAGT-1",1,0,0,0,0,0,0,0,0
"381","CAGCCGGGCCCTCTAT-1",1,0,0,0,0,0,0,0,0
"382","CAGGCGCCATGCTAGG-1",8.02637421122877e-19,1,0,0,0,0,0,0,0
"383","CAGGGAGATAGGCCAG-1",0.992491149709218,0.00750885029078243,0,0,0,0,0,0,0
"384","CAGGTTTAGTACTACA-1",0,1,0,0,0,0,0,0,0
"385","CAGTGTCGGCTGGCCC-1",0,1,0,0,0,0,0,0,0
"386","CATAACGGACAGTCGT-1",0.317855303988822,0.682144696011178,0,0,0,0,0,0,0
"387","CATACGAACTAGCTGG-1",0.908237594715807,0.0917624052841934,0,0,0,0,0,0,0
"388","CATACGGCGTCTGGGC-1",0.599783949383063,0.400216050616937,0,0,0,0,0,0,0
"389","CATACTATGTAATTGT-1",0.174489320089045,0.825510679910955,0,0,0,0,0,0,0
"390","CATAGGGACACTTGTG-1",0.564984429032422,0.435015570967578,0,0,0,0,0,0,0
"391","CATAGTAGCATAGTAG-1",0.0236321139890791,0.976367886010921,0,0,0,0,0,0,0
"392","CATATTATTTGCCCTA-1",0.482829745176568,0.517170254823432,0,0,0,0,0,0,0
"393","CATCAAACTGGCGCCC-1",1,0,0,0,0,0,0,0,0
"394","CATCAACACCTACTAA-1",0.741079812176618,0.179904672712611,0,0.0790155151107712,0,0,0,0,0
"395","CATCATCTACCCGGAC-1",0.749967672560057,0.250032327439943,0,0,0,0,0,0,0
"396","CATCATTACCCTGAGG-1",0,1,-6.4923883651326e-19,0,0,0,0,0,0
"397","CATCCTCTCAAAGATC-1",1,0,0,0,0,0,0,0,0
"398","CATCGTCCGGTTACTA-1",0.992268724306799,0.00773127569320052,0,0,0,0,0,0,0
"399","CATCTGCAGGATCATT-1",0,1,0,0,0,0,0,0,0
"400","CATCTTACACCACCTC-1",0,1,0,0,0,0,0,0,0
"401","CATGCACATGAGAGGC-1",1,0,0,0,0,0,0,0,0
"402","CATGCACGTGTTACTG-1",0,0.703912039206516,0,0,0.104479982493164,0,0.19160797830032,0,0
"403","CATGCATGGAGACCCT-1",0,0.41690509499601,0,0.100830875961395,0.352401721706828,0,0.129862307335768,0,0
"404","CATGCGTTAGACAGAA-1",0.891009441026616,0,0,0.108990558973384,0,0,0,0,0
"405","CATGGAAATGGGACCA-1",0,1,0,0,0,0,0,0,0
"406","CATGGCAGGAAGATCG-1",0.775426290448661,0,0,0.224573709551339,0,0,0,0,0
"407","CATGGTTTATTAATCA-1",0,1,0,0,0,0,0,0,0
"408","CATGTAAGAGACATTT-1",1,0,0,0,0,0,0,0,0
"409","CATGTGGGCTCATCAC-1",0.698552133948685,0.301447866051315,0,0,0,0,0,0,0
"410","CATTACATAGATTGTG-1",0.910769769487713,0,0,0,0,0,0,0.0892302305122871,0
"411","CATTACGCAGGAAGGG-1",0,1,0,0,0,0,0,0,0
"412","CATTATCCCATTAACG-1",0.489020795289172,0.510979204710828,0,0,0,0,0,0,0
"413","CATTGATGAACACGCC-1",0.940253478026053,0,0,0.0597465219739467,0,0,0,0,0
"414","CATTGCGGGTCAATTC-1",0.771304221335732,0,0,0.228695778664268,0,0,0,0,0
"415","CATTTATCGTTCAAGA-1",0,0.503720815029332,0,0,0.496279184970668,0,0,0,0
"416","CCAAACAGAACCCTCG-1",0.847312519600122,0,0,0.0731099305958433,0,0,0,0.079577549804035,0
"417","CCAAATCAAAGGGCAA-1",0.989020613679614,0.0109793863203862,0,0,0,0,0,0,0
"418","CCAACGATGCACTGAT-1",0.546367732085644,0.453632267914356,0,0,0,0,0,0,0
"419","CCAACGCTTGCCAGGG-1",1,0,0,0,0,0,0,0,0
"420","CCAAGAAAGTGGGCGA-1",0,1,0,0,0,0,0,0,0
"421","CCAAGTTTCTACAGAT-1",0.864256041181328,0.00793063001282319,0,0,0,0,0,0.127813328805848,0
"422","CCAATAGATTTCATCT-1",0.609589738100119,0.390410261899881,0,0,0,0,0,0,0
"423","CCAATAGTGCCGTCGA-1",0,1,0,0,0,0,0,0,0
"424","CCAATGTCACAGCAAG-1",0,1,0,0,0,0,0,0,0
"425","CCAATTGAATGTTAAT-1",0.666974844411401,0.333025155588599,0,0,0,0,0,0,0
"426","CCACCCAAGGAAAGTG-1",0.992772679019641,0.00722732098035852,0,0,0,0,0,0,0
"427","CCACTATCCGGGTCAC-1",0.264877125571952,0.735122874428048,0,0,0,0,0,0,0
"428","CCAGATGTAAATGGGT-1",0,1,0,0,0,0,0,0,0
"429","CCAGCCTGGACCAATA-1",1,0,0,0,0,0,0,0,0
"430","CCAGCTACGCCTCATA-1",0.420956022534259,0.579043977465741,0,0,0,0,0,0,0
"431","CCAGTGTACAGACCGA-1",0,1,0,0,0,0,0,0,0
"432","CCAGTTCGGTAACTCA-1",0.993198904267734,0.00680109573226579,0,0,0,0,0,0,0
"433","CCATACCTTTACTTGT-1",0.86404016716464,0,0,0.13595983283536,0,0,0,0,0
"434","CCATACTCGCCTCTCC-1",0.697935292341717,0.302064707658283,0,0,0,0,0,0,0
"435","CCATATTGGATCATGA-1",0.259541785548702,0.740458214451298,0,0,0,0,0,0,0
"436","CCATCGCAGTTAAACT-1",0.116593496829226,0.883406503170774,0,0,0,0,0,0,0
"437","CCATGCCCTAGATTTC-1",0.498075319972157,0.501924680027843,0,0,0,0,0,0,0
"438","CCATGCCTGTTTAGTA-1",1,0,0,0,0,0,0,0,0
"439","CCATGCTCTGCAGGAA-1",0.553020547458625,0.446979452541375,0,0,0,0,0,0,0
"440","CCATGTTCATCTATAT-1",0.90402361566486,0.00844683283506186,0,0,0,0,0,0.0875295515000777,0
"441","CCATTAGCGATAATCC-1",0.302842424988009,0.697157575011991,0,0,0,0,0,0,0
"442","CCATTCCCTGCCCACA-1",0,1,0,0,0,0,0,0,0
"443","CCATTTCTACCTATTA-1",0.864830274331617,0,0,0.135169725668383,0,0,0,0,0
"444","CCCAAACATGCTGCTC-1",0.559236467142755,0.185071236695301,0,0.140740595028171,0,0,0,0.114951701133774,0
"445","CCCAACCACACTAACA-1",0,0.522650527758615,0,0,0.477349472241385,0,0,0,0
"446","CCCAAGTCATTACACT-1",0.721983089218099,0,0,0.278016910781901,0,0,0,0,0
"447","CCCAATGAGATTTGCA-1",1,0,0,0,0,0,0,0,0
"448","CCCGCAGCGCGAACTA-1",0,1,0,0,0,0,0,0,0
"449","CCCGCAGGGCCCAAAG-1",1,0,0,0,0,0,0,0,0
"450","CCCGCCATGCTCCCGT-1",0.372952712841493,0.627047287158507,0,0,0,0,0,0,0
"451","CCCGGCTAGGTGAGAA-1",0.658993313732279,0.236678603623445,0,0.104328082644276,0,0,0,0,0
"452","CCCGTAGCTGGGAAGA-1",0.392695391581281,0.607304608418719,0,0,0,0,0,0,0
"453","CCCTACCCACACCCAG-1",0.993969217865073,0.00603078213492749,0,0,0,0,0,0,0
"454","CCCTCAGATCGAGAAC-1",0.992942049874078,0.00705795012592227,0,0,0,0,0,0,0
"455","CCCTCGATAATACACA-1",0.624247573039145,0.375752426960855,0,0,0,0,0,0,0
"456","CCCTGAAATGAGTTGA-1",0,1,0,0,0,0,0,0,0
"457","CCCTGGTATGGGCGGC-1",0,0.180433997760359,0,0.0824822513809548,0.475631830832362,0,0.261451920026324,0,0
"458","CCCTGTTGGCAAAGAC-1",0.339347917080622,0.660652082919378,0,0,0,0,0,0,0
"459","CCGAAAGTGGTGAGCA-1",0.000618321601676126,0.823067589923572,0,0.176314088474752,0,0,0,0,0
"460","CCGAACCTTCCCGGCC-1",0.141773722518928,0.858226277481072,4.97589579125046e-20,0,0,0,0,0,0
"461","CCGACAAACACATGAG-1",0.793535508271465,0.1403473012686,0,0,0,0,0,0.066117190459935,0
"462","CCGATCTTAAGAGGCT-1",0,1,0,0,0,0,0,0,0
"463","CCGATTGGTCAATGAA-1",0,0.0620657234169649,0,0,0.87443720653429,0,0.0634970700487447,0,0
"464","CCGCACAAAGACCAAC-1",1,0,0,0,0,0,0,0,0
"465","CCGCCGGTCAACACAC-1",0.191561202149464,0.808438797850536,0,0,0,0,0,0,0
"466","CCGCTGGTGCCATTCA-1",0,0.164842112165513,0,0.126112336459456,0.547586509415155,0.0825587978487507,0.078900244111125,0,0
"467","CCGCTTGCTGACATGG-1",0.867554687958429,0,0,0.132445312041571,0,0,0,0,0
"468","CCGGAGGTCTTATGGT-1",0.602221652172523,0.397778347827477,0,0,0,0,0,0,0
"469","CCGGCGCATATTGGAT-1",1,0,0,0,0,0,0,0,0
"470","CCGGGACCCGCAGAGA-1",0.868056676494107,0.131943323505893,0,0,0,0,0,0,0
"471","CCGGGCTAAGAATTTC-1",0,1,0,0,0,0,0,0,0
"472","CCGGGCTGCTCCATAC-1",0.812717587660168,0.187282412339832,0,0,0,0,0,0,0
"473","CCGGTATCTGGCGACT-1",0.993464050228817,0.00653594977118332,0,0,0,0,0,0,0
"474","CCGGTTTGTAATTGTG-1",0.133931000344052,0.866068999655948,0,0,0,0,0,0,0
"475","CCGTAGGAAATCCCTG-1",1,0,0,0,0,0,0,0,0
"476","CCTACAAGTCCGGAAT-1",1,0,0,0,0,0,0,0,0
"477","CCTACAGTTGAGGGAG-1",0.99161314046269,0.00838685953731044,0,0,0,0,0,0,0
"478","CCTACTGCGGCGGCCA-1",0,1,0,0,0,0,0,0,0
"479","CCTAGGCGTAGCGATC-1",0.991502093528638,0.00849790647136159,0,0,0,0,0,0,0
"480","CCTAGTTAGTCGCATG-1",0.993909038481321,0.00609096151867893,0,0,0,0,0,0,0
"481","CCTATAATGAGTGCCC-1",0.403804461733864,0,0,0.596195538266136,0,0,0,0,0
"482","CCTATACCGTCCTGTC-1",0.211177888397472,0.788822111602528,-1.03807434717923e-19,0,0,0,0,0,0
"483","CCTCCCGACAATCCCT-1",0.721872829917554,0,0.0725921083219161,0.140775836543951,0,0.0647592252165795,0,0,0
"484","CCTCCTGTTGTGTCGT-1",0.940319118827263,0,0,0.0596808811727372,0,0,0,0,0
"485","CCTCGTTACGCCTGTT-1",0.114298423816981,0.784728945270461,0,0,0.100972630912558,0,0,0,0
"486","CCTCTACAAGGATTGG-1",0.842683885977864,0.157316114022136,0,0,0,0,0,0,0
"487","CCTCTGTACTATTCTA-1",1,0,0,0,0,0,0,0,0
"488","CCTGAACGATATATTC-1",0.743164281505719,0.256835718494281,0,0,0,0,0,0,0
"489","CCTGACGCAACCTTTA-1",0.526160857078098,0.113644311115851,0,0,0.36019483180605,0,0,0,0
"490","CCTGATTCGCGAAGAA-1",0.541110183268959,0.458889816731041,0,0,0,0,0,0,0
"491","CCTGTCGCCCGTAAAT-1",1,0,0,0,0,0,0,0,0
"492","CCTGTTTGAAGACACG-1",0.994311242161448,0.00568875783855201,0,0,0,0,0,0,0
"493","CCTTAAGTACGCAATT-1",0,1,0,0,0,0,0,0,0
"494","CCTTTAAGGGAGCACT-1",0.625000534721648,0,0.00508799938415108,0.369911465894201,0,0,0,0,0
"495","CGAAACATAGATGGCA-1",0.993134452152448,0.0068655478475523,0,0,0,0,0,0,0
"496","CGAACATAGTCAGAAA-1",0.430466764928648,0.569533235071352,0,0,0,0,0,0,0
"497","CGAACCTCTTTCCTAG-1",1,0,0,0,0,0,0,0,0
"498","CGAACGCCCAGTGCCG-1",0.777359345175772,0,0,0.222640654824228,0,0,0,0,0
"499","CGACACCGCTTAAGGA-1",0.509760325929558,0.490239674070442,0,0,0,0,0,0,0
"500","CGACATGCGATCTTCT-1",0,0.157152117015765,0,0,0.131479135964726,0,0.711368747019509,0,0
"501","CGACCGTTGGTATTCG-1",1,0,0,0,0,0,0,0,0
"502","CGACTCGGTACACGGT-1",0,1,0,0,0,0,0,0,0
"503","CGACTTTGTATAGCCT-1",0,1,0,0,0,0,0,0,0
"504","CGAGACTACTGCTGCT-1",0,1,0,0,0,0,0,0,0
"505","CGAGCCGAGCACTCGA-1",0.986711930493317,0.0132880695066834,0,0,0,0,0,0,0
"506","CGAGGAGCTTCCATAT-1",0.845283843751248,0,0,0.0787527817180222,0,0,0,0.0759633745307296,0
"507","CGAGGATCGGGAACGA-1",0.420623116470137,0.579376883529864,0,0,0,0,0,0,0
"508","CGAGGGACTGCGGTCG-1",0.993274688636496,0.00672531136350431,0,0,0,0,0,0,0
"509","CGAGTTTATCGGACTG-1",0.214953469469866,0.785046530530133,0,0,0,0,0,0,0
"510","CGATCATTAGAGGCAC-1",0.357146735257003,0.642853264742997,0,0,0,0,0,0,0
"511","CGATCCGACCCAGTGC-1",0.412066134601968,0.587933865398032,0,0,0,0,0,0,0
"512","CGATTTGTCATTAATG-1",1,0,0,0,0,0,0,0,0
"513","CGCAAACACGAGTTAC-1",0,1,0,0,0,0,0,0,0
"514","CGCAATTAGGGTAATA-1",0.99349359027859,0.00650640972140965,0,0,0,0,0,0,0
"515","CGCACATGTCCACTAC-1",0,0.98266242240322,0.0173375775967802,0,0,0,0,0,0
"516","CGCAGAAACATTTGCG-1",0,0.210949894374438,0,0.139554169000637,0.355414757451192,0,0.294081179173734,0,0
"517","CGCAGATCTTCACCCG-1",0.786073531511249,0,0.00607503146590627,0.207851437022844,0,0,0,0,0
"518","CGCATCATGGCTTCAG-1",0.51760239618956,0.48239760381044,0,0,0,0,0,0,0
"519","CGCATCCATCAGCCAG-1",0.771375935965838,0.228624064034162,0,0,0,0,0,0,0
"520","CGCATGGTGCGATGCT-1",0.429353776231167,0.570646223768833,0,0,0,0,0,0,0
"521","CGCCAATTATTGCGTT-1",0.993377529962614,0.00662247003738572,0,0,0,0,0,0,0
"522","CGCCGCCCATGCCTGT-1",0.991184385013083,0.00881561498691694,0,0,0,0,0,0,0
"523","CGCGACACTGCGCAGC-1",0.195571746277234,0.804428253722766,0,0,0,0,0,0,0
"524","CGCGGTAAGTCTAGCT-1",0.0122365344585747,0.987763465541425,0,0,0,0,0,0,0
"525","CGCTATCGTGGCTTTA-1",0,0.377806271463163,0,0.0964763678849992,0.525717360651837,0,0,0,0
"526","CGCTATTCTTAGGCTC-1",1,0,0,0,0,0,0,0,0
"527","CGCTCGACATAATGAT-1",0.778972309133859,0.220934224292776,9.34665733657755e-05,0,0,0,0,0,0
"528","CGCTGTGACGCCGCAC-1",0.863583882275065,0,0,0.136416117724935,0,0,0,0,0
"529","CGCTGTGTGGATGTTG-1",1,0,0,0,0,0,0,0,0
"530","CGCTTCCACTGAAATC-1",0.095858334019781,0.790251002137172,0,0.113890663843047,0,0,0,0,0
"531","CGCTTCGGTCTAAGAC-1",0.274091651665573,0.725908348334427,0,0,0,0,0,0,0
"532","CGCTTTCATACCGGTG-1",0,1,0,0,0,0,0,0,0
"533","CGGAAAGAATCAAACG-1",0.966497182531717,0.0076914691625015,0,0.0258113483057816,0,0,0,0,0
"534","CGGAAAGCAAATGTGC-1",0.240266510352666,0.397544503571395,0,0,0,0,0.362188986075939,0,0
"535","CGGAAATTTCACATCC-1",0,0.331091295649336,0,0,0.668908704350664,0,0,0,0
"536","CGGAGCAATTTAATCG-1",0.991376468606209,0.00862353139379055,0,0,0,0,0,0,0
"537","CGGAGCATGGCGATCC-1",0.263425610914892,0.736574389085108,0,0,0,0,0,0,0
"538","CGGAGCTTATAACACC-1",0.74917052033705,0.25082947966295,0,0,0,0,0,0,0
"539","CGGATGAATGCTGTGA-1",1,0,0,0,0,0,0,0,0
"540","CGGATTCTGCCTTATG-1",0.725959359750736,0,0.00578398995916278,0.268256650290101,0,0,0,0,0
"541","CGGCAAACATCGTGCG-1",0.991847329781714,0.00815267021828595,0,0,0,0,0,0,0
"542","CGGCACCGTTAGCGCC-1",0.882688267321923,0,0,0.117311732678077,0,0,0,0,0
"543","CGGCAGGGTCGGGTTG-1",0.548761071668584,0.31529077263203,0,0.135948155699386,0,0,0,0,0
"544","CGGCCACGCACAAAGT-1",1,0,0,0,0,0,0,0,0
"545","CGGCCCAACCTGTAGT-1",0.95150902481345,0.00880960436759789,0,0.0396813708189524,0,0,0,0,0
"546","CGGCTCTTCGTCGAAC-1",0.991211797738022,0.00878820226197758,0,0,0,0,0,0,0
"547","CGGGAGTATACCGCCG-1",0,1,0,0,0,0,0,0,0
"548","CGGGTTCGGCACGTAT-1",0,1,0,0,0,0,0,0,0
"549","CGGTATAGGTATTAGC-1",0.833344451056268,0,0,0.166655548943732,0,0,0,0,0
"550","CGGTCCATGAGACTCC-1",0.334771626899532,0,0,0.154204972635163,0,0,0,0,0.511023400465304
"551","CGGTTATCCAACAGTG-1",0.611301859630441,0.292699262741126,0,0.0959988776284322,0,0,0,0,0
"552","CGGTTGAGTATCCTTC-1",0.988577979730075,0,0.0114220202699252,0,0,0,0,0,0
"553","CGGTTGGGTTCAAGTT-1",0.992518703389245,0.00748129661075501,0,0,0,0,0,0,0
"554","CGGTTTATGAAGGAAC-1",1,0,0,0,0,0,0,0,0
"555","CGTAATAATTACGAGT-1",0.992429248592672,0.00757075140732839,0,0,0,0,0,0,0
"556","CGTAGCGAATTGTCAG-1",0.82556950897556,0,0,0.17443049102444,0,0,0,0,0
"557","CGTATTGTTTCCTAAT-1",0,1,0,0,0,0,0,0,0
"558","CGTCAAATGGTCGCAG-1",0.309981151306646,0.690018848693354,0,0,0,0,0,0,0
"559","CGTCAATCTTTAACAT-1",0.509011152195031,0.490988847804968,0,0,0,0,0,0,0
"560","CGTCAGCTATTTACTC-1",1,0,0,0,0,0,0,0,0
"561","CGTCCAGATGGCTCCA-1",0.496244416853064,0.421534015283121,0,0.0822215678638144,0,0,0,0,0
"562","CGTCGGATAGTGTTGA-1",0,1,0,0,0,0,0,0,0
"563","CGTCTGGAAGGGCCCG-1",0.804520364458969,0,0,0.195479635541031,0,0,0,0,0
"564","CGTGCACACCACTGTA-1",0.991335590140466,0.00866440985953445,0,0,0,0,0,0,0
"565","CGTGCAGACTGGGACA-1",0.588464001071217,0.411535998928783,0,0,0,0,0,0,0
"566","CGTGCTTCTACCTAAA-1",0.366196137284684,0.633803862715316,0,0,0,0,0,0,0
"567","CGTGTCCCATTCGCGA-1",0.991716991172174,0.00828300882782562,0,0,0,0,0,0,0
"568","CGTGTCTCGTTACGAC-1",0.991574542933101,0.00842545706689856,0,0,0,0,0,0,0
"569","CGTTGAGTAATTGCGT-1",0.758594508117674,0,0,0.241405491882326,0,0,0,0,0
"570","CGTTGTAAACGTCAGG-1",0.52952509400856,0.47047490599144,1.80341300585459e-20,0,0,0,0,0,0
"571","CGTTGTTTCAATTCCC-1",0,1,0,0,0,0,0,0,0
"572","CGTTTAAGCGGAGCAC-1",0.753813315090698,0.246186684909302,0,0,0,0,0,0,0
"573","CGTTTACAAGGCAGCT-1",0.872290643032688,0,0,0.127709356967312,0,0,0,0,0
"574","CGTTTCGCTCATTACA-1",0.991848788083957,0.00815121191604334,0,0,0,0,0,0,0
"575","CGTTTGTGTAGAGGGT-1",0.674777450353085,0.325222549646915,0,0,0,0,0,0,0
"576","CTAAATCCGGTGTACA-1",1,0,0,0,0,0,0,0,0
"577","CTAACTGATAATCGCC-1",0.156071412940553,0.843928587059448,0,0,0,0,0,0,0
"578","CTAAGTACAGGGCTAC-1",0.210618330451443,0.789381669548557,0,0,0,0,0,0,0
"579","CTAATTATGAAGCGTA-1",0.390105639162149,0.609894360837851,0,0,0,0,0,0,0
"580","CTACAAGAAATAACCC-1",0.993704731758572,0.00629526824142785,0,0,0,0,0,0,0
"581","CTACACTCGCAGATGG-1",0,1,0,0,0,0,0,0,0
"582","CTACGAACTAGGTCGA-1",0,0.356382300046753,0,0.171906225964736,0.471711473988511,0,0,0,0
"583","CTACGATCCTATCCTA-1",0,1,0,0,0,0,0,0,0
"584","CTACGCACGGAGTACC-1",1,0,0,0,0,0,0,0,0
"585","CTACGCCATTTCCGAT-1",0.562925644411589,0.371221326515039,0,0.0658530290733722,0,0,0,0,0
"586","CTACTCAAGGTATAGT-1",0.680573202144777,0,0.145468913565023,0.118910061601355,0,0,0,0.0550478226888449,0
"587","CTAGACATATATGTAG-1",0,1,0,0,0,0,0,0,0
"588","CTAGACTGCATTTCGT-1",0.885145575627177,0,0,0.114854424372823,0,0,0,0,0
"589","CTAGATGTGAGTGTAA-1",0.611339170976239,0.388660829023761,0,0,0,0,0,0,0
"590","CTAGGCGCCCTATCAG-1",0,1,0,0,0,0,0,0,0
"591","CTAGTCACGTCTTAAG-1",0.894208929022362,0.105791070977638,0,0,0,0,0,0,0
"592","CTAGTTACAACCCGGT-1",0.914996843612394,0,0,0,0,0.0850031563876062,0,0,0
"593","CTATAGGCGTTGATGT-1",0.888069536451895,0,0,0.0912702587396498,0,0,0,0,0.0206602048084548
"594","CTATCGACGAAATACA-1",0.434567410225457,0.565432589774543,0,0,0,0,0,0,0
"595","CTATCGGGTCTCAACA-1",0.589389128187486,0,0,0.410610871812515,0,0,0,0,0
"596","CTATGTCTATTGAAAC-1",0,1,0,0,0,0,0,0,0
"597","CTATTCATGTGTCCCA-1",0.989050324055205,0.0109496759447946,0,0,0,0,0,0,0
"598","CTATTTGGTTACGGAT-1",1,0,0,0,0,0,0,0,0
"599","CTCACACGCAAGCCTA-1",0.525619227015067,0.474380772984933,0,0,0,0,0,0,0
"600","CTCACCAGTACAAGTG-1",0.603266848761893,0.396733151238107,0,0,0,0,0,0,0
"601","CTCACCGATCCAAACT-1",0.0416494483579624,0.958350551642038,0,0,0,0,0,0,0
"602","CTCATGGCTCACAATC-1",0.992434121423603,0.00756587857639711,0,0,0,0,0,0,0
"603","CTCATTCGTGAACATC-1",0.475258622692172,0.524741377307828,0,0,0,0,0,0,0
"604","CTCCTAGTAATCGTGA-1",1,0,0,0,0,0,0,0,0
"605","CTCGAATGGAACGTAT-1",0,1,0,0,0,0,0,0,0
"606","CTCGCTAGGTAAGCGA-1",1,0,0,0,0,0,0,0,0
"607","CTCGGTCCGTAGCCTG-1",1,0,0,0,0,0,0,0,0
"608","CTCTAACACCGGCAGC-1",0.994382945580001,0.00561705441999935,0,0,0,0,0,0,0
"609","CTCTCGCTGTACTATG-1",0.990849608469771,0.00915039153022899,0,0,0,0,0,0,0
"610","CTCTGCAGGCATTCTT-1",0.989238192690085,0.0107618073099149,2.11533551721488e-20,0,0,0,0,0,0
"611","CTCTGTCCATGCACCA-1",0.991929121313927,0.00807087868607333,0,0,0,0,0,0,0
"612","CTCTTCTGGAAGTTAG-1",0.720031365040162,0,0,0.0707960491957545,0,0,0,0,0.209172585764084
"613","CTCTTGTCCCGCTTGG-1",0.992473102813369,0.00752689718663129,0,0,0,0,0,0,0
"614","CTGACTGCGCAGCTCG-1",0.556542293740971,0,0.182373966225449,0.26108374003358,0,0,0,0,0
"615","CTGCACAACTACATAT-1",0.48003829419939,0.51996170580061,-6.34264224285643e-20,0,0,0,0,0,0
"616","CTGCACCTAGTCCACA-1",0,1,0,0,0,0,0,0,0
"617","CTGCACCTGGAACCGC-1",0,0.928665376993541,0,0.0713346230064588,0,0,0,0,0
"618","CTGCACTCCAGTACAG-1",0.301342815901188,0,0,0.698657184098812,0,0,0,0,0
"619","CTGCAGAGAATCAGAG-1",0.613047037438068,0.386952962561932,3.8402589621022e-19,0,0,0,0,0,0
"620","CTGCCATGCATCACAT-1",1,0,0,0,0,0,0,0,0
"621","CTGCCTAGCCACCAAG-1",0.165710190343261,0.834289809656739,0,0,0,0,0,0,0
"622","CTGCCTTTAATACCTT-1",0.651343136410289,0.348656863589711,0,0,0,0,0,0,0
"623","CTGCCTTTCTAGTAAA-1",0.908343487914748,0,0,0.0916565120852522,0,0,0,0,0
"624","CTGCGGTAGTCACGTG-1",1,0,0,0,0,0,0,0,0
"625","CTGCTTGGCGATAGCT-1",1,0,0,0,0,0,0,0,0
"626","CTGGAAGACACGGTGG-1",0,1,0,0,0,0,0,0,0
"627","CTGGCGCACAGGTCTG-1",0,1,0,0,0,0,0,0,0
"628","CTGGCTGGTTGTCAGT-1",0.367409934976277,0.632590065023723,0,0,0,0,0,0,0
"629","CTGGGATAAATAATGG-1",0,1,0,0,0,0,0,0,0
"630","CTGGGCTATCCTTTGG-1",0,1,0,0,0,0,0,0,0
"631","CTGGTAAAGACTTACA-1",0.434767617447944,0.565232382552056,0,0,0,0,0,0,0
"632","CTGGTCATTCCAATCC-1",0.445139795530059,0.468787093465813,0,0,0,0,0,0.0860731110041272,0
"633","CTGGTCCTAACTTGGC-1",0,0.036081608488982,0,0,0.963918391511018,0,0,0,0
"634","CTGGTGAATGGGCCTA-1",0.380867874013181,0.619132125986818,0,0,0,0,0,0,0
"635","CTGTAGCCATCTCACT-1",1,0,0,0,0,0,0,0,0
"636","CTGTCACGCCAGGCGC-1",1,0,0,0,0,0,0,0,0
"637","CTGTCTGTGGCTGGCT-1",0.994704397239385,0.00529560276061521,0,0,0,0,0,0,0
"638","CTGTGGTCGGGAGATA-1",0.737827298272939,0,0,0.262172701727061,0,0,0,0,0
"639","CTGTTGTTCAGTCGTA-1",0.992714969170933,0.00728503082906663,0,0,0,0,0,0,0
"640","CTTAAATAAGACCCAT-1",0.54172831782609,0.45827168217391,0,0,0,0,0,0,0
"641","CTTAACTTCGAAGTAC-1",0.653720190688259,0.346279809311741,0,0,0,0,0,0,0
"642","CTTACACGGTATTCCA-1",1,0,0,0,0,0,0,0,0
"643","CTTACACTGGGAAATA-1",0,1,0,0,0,0,0,0,0
"644","CTTAGCCCGGATAGTG-1",0,1,0,0,0,0,0,0,0
"645","CTTAGGTCCCAATCGT-1",0,1,1.62100188083701e-19,0,0,0,0,0,0
"646","CTTAGTAGGCCTACAG-1",0.842536752686064,0,0,0.157463247313936,0,0,0,0,0
"647","CTTAGTTGAGGAATCG-1",0.992841607959622,0.00715839204037824,0,0,0,0,0,0,0
"648","CTTCACGCCCTGGTAC-1",0.359425255027171,0.64057474497283,0,0,0,0,0,0,0
"649","CTTCAGTTGGACAACG-1",1,0,0,0,0,0,0,0,0
"650","CTTCATCACCAGGGCT-1",0.700189209758331,0.299810790241669,0,0,0,0,0,0,0
"651","CTTCATTGTCAGTGGA-1",1,0,0,0,0,0,0,0,0
"652","CTTCCGCTCCGTGAAG-1",1,0,0,0,0,0,0,0,0
"653","CTTCCTGCATATTTAC-1",0,0.450219183467567,0,0,0.366975519080438,0,0.182805297451995,0,0
"654","CTTCTTACGTCGTATA-1",1,0,0,0,0,0,0,0,0
"655","CTTGACCCGAAAGATA-1",0,0.235330061254028,0,0.063580246131687,0.701089692614285,0,0,0,0
"656","CTTGATGACCATCCAG-1",0.566456140412956,0.433543859587044,0,0,0,0,0,0,0
"657","CTTGCCCACCCACGCA-1",0.411947488290895,0.588052511709105,0,0,0,0,0,0,0
"658","CTTGTACTTGTTGACT-1",0.596721927324937,0,0,0.403278072675063,0,0,0,0,0
"659","CTTGTCAACATTCGAG-1",0,1,0,0,0,0,0,0,0
"660","CTTGTGAGTCTTTGAC-1",0.468028949202029,0.531971050797971,0,0,0,0,0,0,0
"661","CTTGTTGCTGAGTCAA-1",0,1,0,0,0,0,0,0,0
"662","CTTTAATATTGGTCGA-1",0.992447876949079,0.00755212305092069,0,0,0,0,0,0,0
"663","CTTTACCGAATAGTAG-1",0.0396995313167233,0.960300468683277,0,0,0,0,0,0,0
"664","CTTTCTGTGCGGGCTT-1",0.910322437995747,0,0,0.0896775620042526,0,0,0,0,0
"665","CTTTGCATCGCTCTTG-1",0.994917781804371,0.00508221819562867,0,0,0,0,0,0,0
"666","CTTTGGCAGACAGAGT-1",0,0.60287670407186,0,0.131199242896219,0.265924053031921,0,0,0,0
"667","CTTTGGCTTTAGTAAA-1",0,1,0,0,0,0,0,0,0
"668","GAAACAGCCATGCAGT-1",0.991873767314579,0.00812623268542122,0,0,0,0,0,0,0
"669","GAAACCATGGTGCGCT-1",0.787016244423919,0,0,0.212983755576081,0,0,0,0,0
"670","GAAACTCTAATGAAGG-1",0.890557978162173,0,0,0.109442021837827,0,0,0,0,0
"671","GAAAGCAGTGCACTTT-1",0.994767527974731,0.00523247202526895,0,0,0,0,0,0,0
"672","GAAATACCTGCTGGCT-1",0,1,0,0,0,0,0,0,0
"673","GAACACACATCAACCA-1",0.713234534178884,0,0,0.286765465821116,0,0,0,0,0
"674","GAACATTAGTATGTTA-1",1,0,0,0,0,0,0,0,0
"675","GAACGATAAGTTAAAG-1",0,1,0,0,0,0,0,0,0
"676","GAACGGTGTAAAGCAG-1",0,0.140258149910816,0,0,0.62383282187787,0,0.235909028211314,0,0
"677","GAACTTGTGCACGGGA-1",0.994091873990817,0.00590812600918294,0,0,0,0,0,0,0
"678","GAAGCGTGAGGAATTT-1",0.753194378467886,0,0,0.246805621532114,0,0,0,0,0
"679","GAAGCTCTTTGCTTAG-1",0.500582489440975,0.401702300465479,0,0.0977152100935464,0,0,0,0,0
"680","GAAGGCTACCATTGTT-1",0.994400099657016,0.00559990034298352,0,0,0,0,0,0,0
"681","GAAGTCAGTTGCACTA-1",0.688914233678609,0.311085766321391,0,0,0,0,0,0,0
"682","GAAGTCTCCCTAGCGA-1",0,1,0,0,0,0,0,0,0
"683","GAAGTGCTGGATAGCT-1",0.931887820693118,0,0,0.0681121793068817,0,0,0,0,0
"684","GAAGTTTCCACTCAAT-1",0.488053944061174,0.511946055938826,0,0,0,0,0,0,0
"685","GAATAGTGCTCGATTA-1",0.741372637688316,0.258627362311684,0,0,0,0,0,0,0
"686","GAATCGACATGGTCAC-1",0.961830245590246,0,0.0381697544097538,0,0,0,0,0,0
"687","GAATGGGCTTATCGAC-1",0.612289738881569,0.387710261118431,0,0,0,0,0,0,0
"688","GACACAGCCGGGACTG-1",0,1,0,0,0,0,0,0,0
"689","GACACTTCCAATTACC-1",0.994165026458317,0.00583497354168313,0,0,0,0,0,0,0
"690","GACATACTGTCGCAGA-1",0.987456620113579,0.0125433798864215,0,0,0,0,0,0,0
"691","GACATCGATTTATAAC-1",0,1,0,0,0,0,0,0,0
"692","GACCAGAGCCCTGTAG-1",0.993297037131238,0.00670296286876253,0,0,0,0,0,0,0
"693","GACCCGTCGCCGGCTA-1",0,0,0,0,1,0,0,0,0
"694","GACCTGGTCTGGGCGT-1",0.665267527966905,0.266641148490829,0,0.0680913235422658,0,0,0,0,0
"695","GACGACGATCCGCGTT-1",0.904510732914817,0,0,0.0954892670851833,0,0,0,0,0
"696","GACGAGGCTAATAAAC-1",0,1,0,0,0,0,0,0,0
"697","GACGCCGTAAAGGCTA-1",0.735627981691356,0,0.264372018308644,0,0,0,0,0,0
"698","GACGGTCAATAGAAGC-1",0.615120936093013,0,0,0.384879063906987,0,0,0,0,0
"699","GACGTTCGTAAATACA-1",1,0,0,0,0,0,0,0,0
"700","GACTAACACAGCACCT-1",0.741508089268737,0.258491910731263,0,0,0,0,0,0,0
"701","GACTAAGTAGGCTCAC-1",0.992690284285998,0.00730971571400221,0,0,0,0,0,0,0
"702","GACTACAATTGCTCGT-1",0.00681863259952868,0.993181367400471,0,0,0,0,0,0,0
"703","GACTCCCAGAATAAGG-1",0.499602395214926,0,0,0.500397604785074,0,0,0,0,0
"704","GACTCGGTCGGCGGAT-1",0.711714864359641,0.288285135640358,0,0,0,0,0,0,0
"705","GACTGATTGGTCACAA-1",1,0,0,0,0,0,0,0,0
"706","GACTGGGCGCCGCAAC-1",0,1,0,0,0,0,0,0,0
"707","GACTTCAACGCATCAA-1",0.339149117983422,0.660850882016578,0,0,0,0,0,0,0
"708","GAGAACGGTTCTGACT-1",0,1,0,0,0,0,0,0,0
"709","GAGAATCTCACGATCA-1",0.70117819359848,0.29882180640152,0,0,0,0,0,0,0
"710","GAGACCCTGCAACGCC-1",0.908442530018224,0,0,0.091557469981776,0,0,0,0,0
"711","GAGACTTCGCGACCGA-1",0.982513296114717,0,0.0174867038852833,0,0,0,0,0,0
"712","GAGAGCGCAGTCCCTG-1",0.703876872824038,0.227259182100341,0,0.0688639450756215,0,0,0,0,0
"713","GAGATCTGCTTGGCAT-1",0.987617054845267,0.0123829451547332,0,0,0,0,0,0,0
"714","GAGATGACAATCCTTA-1",0,1,0,0,0,0,0,0,0
"715","GAGATGGGAGTCGACA-1",0.747404332612892,0,0.138277306941837,0.114318360445271,0,0,0,0,0
"716","GAGCATCAACAACTTG-1",0.975983064380354,0,0.0240169356196458,0,0,0,0,0,0
"717","GAGCCAGCTACCTGTG-1",1,0,0,0,0,0,0,0,0
"718","GAGCGAGGGAGTACCG-1",1,0,0,0,0,0,0,0,0
"719","GAGGAGATCCTCATGC-1",0.609952572582393,0.309179185109389,0,0.0808682423082183,0,0,0,0,0
"720","GAGGCATTTGCAGCAG-1",0.940192252903879,0,0,0.0598077470961208,0,0,0,0,0
"721","GAGGGCCATAATATTA-1",0.842454129425683,0,0,0.157545870574317,0,0,0,0,0
"722","GAGGGTAGTAACAAAG-1",1,0,0,0,0,0,0,0,0
"723","GAGGTACATCCATCTT-1",1,0,0,0,0,0,0,0,0
"724","GAGTCAGACCAGAATC-1",0.993412587292829,0.00658741270717129,0,0,0,0,0,0,0
"725","GAGTCCACCAGGTTTA-1",0,1,0,0,0,0,0,0,0
"726","GAGTCGACAGACCCTC-1",0.596878952326605,0.403121047673395,0,0,0,0,0,0,0
"727","GAGTGCACGGACAACA-1",0,1,0,0,0,0,0,0,0
"728","GATAGATAGTACAGTC-1",0,1,0,0,0,0,0,0,0
"729","GATAGCGTACCACGCG-1",0.715915059990977,0.284084940009022,0,0,0,0,0,0,0
"730","GATATCTCATGCAATA-1",0.149529687138185,0.850470312861815,0,0,0,0,0,0,0
"731","GATATGAGACACTAAC-1",0,1,0,0,0,0,0,0,0
"732","GATATTGAGATTGGCG-1",1,0,0,0,0,0,0,0,0
"733","GATCAACATAAAGGGA-1",1,0,0,0,0,0,0,0,0
"734","GATCCGGGAATTAACA-1",0.458304346874244,0.541695653125756,0,0,0,0,0,0,0
"735","GATCCTCTTGCGCTTA-1",0,1,0,0,0,0,0,0,0
"736","GATCGCGGGCTCTCCA-1",1,0,0,0,0,0,0,0,0
"737","GATCGGCGATAAGTCG-1",0.628686685848272,0.281085137260398,0,0,0,0,0,0.0902281768913299,0
"738","GATCGTGACTGATATC-1",0.72809176248049,0.27190823751951,0,0,0,0,0,0,0
"739","GATCTTCATTGTCCTC-1",0.526948941501278,0.473051058498722,0,0,0,0,0,0,0
"740","GATCTTTGCTCAAAGA-1",0.589895593673992,0.410104406326008,0,0,0,0,0,0,0
"741","GATGCGAATGGTATTA-1",0.683299026319913,0.316700973680087,0,0,0,0,0,0,0
"742","GATGCGTCCTGCATTC-1",1,0,0,0,0,0,0,0,0
"743","GATGCTACAAGCGCCT-1",1,0,0,0,0,0,0,0,0
"744","GATGGTGCCCTAGGCA-1",0.995004208183446,0.00499579181655358,0,0,0,0,0,0,0
"745","GATGTCGGTCAACTGC-1",0.266284754794571,0.733715245205429,0,0,0,0,0,0,0
"746","GATGTGTTGTCACAAG-1",0,0.652751195213412,0,0.119828022407805,0.227420782378783,0,0,0,0
"747","GATTAACCGAAAGCCC-1",1,0,0,0,0,0,0,0,0
"748","GATTATCTTGCATTAT-1",0.516566778477857,0.483433221522143,0,0,0,0,0,0,0
"749","GATTGCTCCAGTTGCA-1",0,1,0,0,0,0,0,0,0
"750","GATTTAGTGCGTACTG-1",0,1,0,0,0,0,0,0,0
"751","GCAACCCAAGTTGTTT-1",0.714288208594542,0.285711791405458,0,0,0,0,0,0,0
"752","GCAAGATGTGTTCGCG-1",0.850095296814699,0,0,0.149904703185301,0,0,0,0,0
"753","GCAAGTGCACAGAGAA-1",1,0,0,0,0,0,0,0,0
"754","GCACAAGTGGATCATA-1",0.611787079614389,0,0.209962230716707,0.178250689668903,0,0,0,0,0
"755","GCACAAGTGTCGGAAG-1",0.68704022363849,0,0.12709663451014,0.18586314185137,0,0,0,0,0
"756","GCACACACTGGTAGCC-1",0.992946559375309,0.00705344062469098,0,0,0,0,0,0,0
"757","GCAGATCCATAAGACT-1",0.499664855437938,0.500335144562063,0,0,0,0,0,0,0
"758","GCAGATCCTCGCAAAT-1",0,1,0,0,0,0,0,0,0
"759","GCAGATTAGGGATATC-1",1,0,0,0,0,0,0,0,0
"760","GCAGCTATGGACAGGT-1",0.880195804590688,0,0,0.119804195409312,0,0,0,0,0
"761","GCATAGAGCACTCAGG-1",0.992733911970139,0.00726608802986112,0,0,0,0,0,0,0
"762","GCATGCTAATAACGAT-1",0.790785823915728,0,0,0.209214176084271,0,0,0,0,0
"763","GCATTCAAGGCAACGC-1",0.864729122302149,0,0,0.135270877697851,0,0,0,0,0
"764","GCATTTCCAAGGCTCC-1",0.26577053765711,0.73422946234289,0,0,0,0,0,0,0
"765","GCCACTCAGAGCGCGA-1",0.799831819135767,0,0.200168180864233,0,0,0,0,0,0
"766","GCCAGGCGTTCGCATG-1",0.99271786314123,0.0072821368587701,0,0,0,0,0,0,0
"767","GCCAGGCTTAGTGGTA-1",0.990463610041143,0.00953638995885684,0,0,0,0,0,0,0
"768","GCCATCGAGCTGCGTG-1",0.224092123530557,0.775907876469443,0,0,0,0,0,0,0
"769","GCCATCGATGCTGCAT-1",0.380178651362135,0.619821348637865,0,0,0,0,0,0,0
"770","GCCCAGTTGGTATGCC-1",0,1,0,0,0,0,0,0,0
"771","GCCCGATCTGTGGTCG-1",1,0,0,0,0,0,0,0,0
"772","GCCCGATGCCCAGTTC-1",0.514713105037691,0.485286894962309,0,0,0,0,0,0,0
"773","GCCCGCGCGTTTGACA-1",0,1,0,0,0,0,0,0,0
"774","GCCGAAATTCCTACGT-1",0,0.9549534665822,0,0,0,0,0.0450465334177995,0,0
"775","GCCGACCCACGACTGC-1",0.668083000004443,0.331916999995558,0,0,0,0,0,0,0
"776","GCCTAGCGATCTGACC-1",0.328830773211995,0.671169226788005,0,0,0,0,0,0,0
"777","GCCTCAGGTACCGGTC-1",0.218707711129359,0.781292288870641,0,0,0,0,0,0,0
"778","GCCTCCGACAATTCAC-1",0.992899788849918,0.0071002111500817,0,0,0,0,0,0,0
"779","GCCTGCTACACTGAGA-1",0,1,0,0,0,0,0,0,0
"780","GCCTTCAGCCCTACCG-1",0.744055541318412,0.255944458681588,0,0,0,0,0,0,0
"781","GCCTTGTATATGCAGT-1",0.99225653125035,0.0077434687496505,0,0,0,0,0,0,0
"782","GCGACCCAACCATCTG-1",0.399977940453045,0.600022059546955,0,0,0,0,0,0,0
"783","GCGAGAAACGGGAGTT-1",0.79536894338365,0.20463105661635,0,0,0,0,0,0,0
"784","GCGAGAGTTGCGTCCA-1",0.385443318832788,0.614556681167212,0,0,0,0,0,0,0
"785","GCGAGGCCCGAGCAGA-1",0,1,0,0,0,0,0,0,0
"786","GCGAGTTCTGCAAAGA-1",1,0,0,0,0,0,0,0,0
"787","GCGATTCTGGAAGCAG-1",0.64223222745183,0.357767772548171,0,0,0,0,0,0,0
"788","GCGATTGTTAACGTTA-1",0.993321493727265,0.00667850627273553,0,0,0,0,0,0,0
"789","GCGCTGGCGGAAAGTC-1",0.0612248949288046,0.938775105071195,0,0,0,6.33896299373313e-22,0,0,0
"790","GCGCTTAAATAATTGG-1",0.79551451782077,0,0,0.20448548217923,0,0,0,0,0
"791","GCGGGAACCAGGCCCT-1",1,0,0,0,0,0,0,0,0
"792","GCGGGCGAGCCTTACC-1",1,0,0,0,0,0,0,0,0
"793","GCGGTCCCGGTGAAGG-1",0.85404927029911,0,0,0.14595072970089,0,0,0,0,0
"794","GCGTAAATGGCCATAA-1",0.696950598494584,0.303049401505416,0,0,0,0,0,0,0
"795","GCGTCGCCAGGGTGAT-1",1,0,0,0,0,0,0,0,0
"796","GCGTGGTACTGGGTTA-1",0.249378532808333,0.750621467191667,0,0,0,0,0,0,0
"797","GCTAAGTAGTTTCTCT-1",0.664386903436576,0,0.14240627655533,0.193206820008094,0,0,0,0,0
"798","GCTAATACCGAATGCC-1",0.993401320024506,0.00659867997549342,0,0,0,0,0,0,0
"799","GCTACAATCGAGGATA-1",0,1,0,0,0,0,0,0,0
"800","GCTAGAGTAGAGATGT-1",0.992356795616846,0.00764320438315447,0,0,0,0,0,0,0
"801","GCTAGCGATAGGTCTT-1",0.626528824034978,0.373471175965022,0,0,0,0,0,0,0
"802","GCTAGGCACCACGGAG-1",0.883127291405136,0,0,0.116872708594864,0,0,0,0,0
"803","GCTAGTAGAGCTTGTA-1",0.446097354122726,0.553902645877274,0,0,0,0,0,0,0
"804","GCTATACGTCTCGGAC-1",1,0,0,0,0,0,0,0,0
"805","GCTATCATACTCATGG-1",0.273981820318559,0,0,0.565207077836659,0,0,0,0.160811101844781,0
"806","GCTCAACCTCTTAGAG-1",1,0,0,0,0,0,0,0,0
"807","GCTCGCGGTTCCGCTC-1",0.988736123406267,0.0112638765937333,0,0,0,0,0,0,0
"808","GCTCTATGTTACGTGC-1",0.993747920937418,0.00625207906258208,0,0,0,0,0,0,0
"809","GCTGAGCAACGGTTCT-1",0.679703467943919,0.224169132982455,0.0961273990736263,0,0,0,0,0,0
"810","GCTGAGGCGTGAGTAT-1",0.980130481470101,0.0198695185298992,0,0,0,0,0,0,0
"811","GCTGCTAAGTAGTCGA-1",0.614058301672125,0,0,0.382723137113558,0,0,0,0,0.00321856121431652
"812","GCTGCTACTGCGTAGC-1",0.992108639167317,0.00789136083268346,0,0,0,0,0,0,0
"813","GCTGGCAGGTGCCGTG-1",0.35778195167582,0.64221804832418,0,0,0,0,0,0,0
"814","GCTGGCGGCGCATGCT-1",1,0,0,0,0,0,0,0,0
"815","GCTGGTGACTCGTAGT-1",1,0,0,0,0,0,0,0,0
"816","GCTTAGGGAAGCGGTA-1",0,1,0,0,0,0,0,0,0
"817","GCTTATGAAGCAGGAA-1",0.990942815404288,0.00905718459571216,0,0,0,0,0,0,0
"818","GCTTCAGTGGGATTAC-1",0,1,0,0,0,0,0,0,0
"819","GCTTCCCGTAAGCTCC-1",0.127267989781847,0.872732010218153,0,0,0,0,0,0,0
"820","GCTTGCAGCACAATTG-1",0.893655362318157,0,0,0,0,0.106344637681843,0,0,0
"821","GCTTGGATCGATTAGG-1",0.39327672294163,0.60672327705837,0,0,0,0,0,0,0
"822","GCTTTCAGAGGAGGTG-1",0.885666822847653,0,0,0.114333177152347,0,0,0,0,0
"823","GCTTTCTATCTCAACT-1",0.217354234620571,0.559932374392312,0,0.0654836308158787,0.157229760171239,0,0,0,0
"824","GGAAACAGAGCTTGGG-1",0.940140465124056,0.0598595348759439,0,0,0,0,0,0,0
"825","GGAACCCGAACAAGAA-1",0.599538400053957,0.252255140303481,2.01717896985484e-19,0,0,0,0,0,0.148206459642562
"826","GGAAGCTCGCTTACAG-1",0.775453996441261,0.147334917678656,0,0.0772110858800831,0,0,0,0,0
"827","GGACAACCATGAAGCC-1",0,1,0,0,0,0,0,0,0
"828","GGACCAACAGGATAAC-1",0.590518261184531,0.409481738815469,0,0,0,0,0,0,0
"829","GGACGGCTTGCGCAAC-1",0.413621057005163,0.586378942994837,0,0,0,0,0,0,0
"830","GGACGTCCATAGTTGG-1",0.888717162782313,0,0,0.111282837217687,0,0,0,0,0
"831","GGACTAAGTCAGGAGT-1",0.523304744029935,0.476695255970065,3.10061731801101e-18,0,0,0,0,0,0
"832","GGAGAAGTCATTGGCA-1",0.316459847424801,0.683540152575199,0,0,0,0,0,0,0
"833","GGAGACCAATGTGCTT-1",0.943939264605117,0,0,0.0560607353948829,0,0,0,0,0
"834","GGAGGATTGAAAGGAG-1",0,0.857395146243578,0,0,0.101952115754066,0,0.0406527380023561,0,0
"835","GGAGTGCCGCCCTGGA-1",0.80793515045257,0,0,0.19206484954743,0,0,0,0,0
"836","GGATCCGGAATATACT-1",0.783394811539558,0,0,0.216605188460442,0,0,0,0,0
"837","GGATCTTACTGCCCTT-1",0.757059963399043,0,0,0.242940036600957,0,0,0,0,0
"838","GGATGGCTTGAAGTAT-1",0.591279714763,0.408720285237,0,0,0,0,0,0,0
"839","GGATGTCCTTACCGCA-1",0.700292009114658,0.299707990885342,0,0,0,0,0,0,0
"840","GGATTAAGCTAAGGTC-1",0.269979854923168,0.730020145076832,0,0,0,0,0,0,0
"841","GGCAAGCCAGGGATAG-1",1,0,0,0,0,0,0,0,0
"842","GGCACTCCACTGGGCA-1",0.992612816676453,0.00738718332354672,0,0,0,0,0,0,0
"843","GGCCAATTGTATAGAC-1",0,1,0,0,0,0,0,0,0
"844","GGCCCAGTTATCAGCA-1",0.925244085581932,0,0,0.0747559144180684,0,0,0,0,0
"845","GGCCCGTATACCATGC-1",0.346355298094142,0.653644701905858,0,0,0,0,0,0,0
"846","GGCCGAGACTCTGGTG-1",0.830744502585743,0.169255497414257,0,0,0,0,0,0,0
"847","GGCCGTTTGGGTTTCA-1",0,0.947331092440028,0,0.0526689075599723,0,0,0,0,0
"848","GGCGAACCGTTCTGAT-1",0,1,0,0,0,0,0,0,0
"849","GGCGGAGTAATATTAG-1",1,0,0,0,0,0,0,0,0
"850","GGCGGTTTGCCGGTGC-1",0.542128950569484,0.457871049430516,0,0,0,0,0,0,0
"851","GGCTAATGATTGAAAT-1",0.891841091385547,0,0,0.108158908614453,0,0,0,0,0
"852","GGCTATTAAGTTGTAT-1",0,1,0,0,0,0,0,0,0
"853","GGCTCCTCCACCTGTT-1",0.430147186123738,0.569852813876262,0,0,0,0,0,0,0
"854","GGCTGAAATAGCAAAG-1",0,1,0,0,0,0,0,0,0
"855","GGCTGAGCATCGTAAG-1",0.8129619799561,0.1870380200439,0,0,0,0,0,0,0
"856","GGCTGGCAATCCCACG-1",0.460367428708704,0.539632571291296,0,0,0,0,0,0,0
"857","GGCTTCTCGTGGGTGG-1",0.758963671691605,0,0,0.241036328308395,0,0,0,0,0
"858","GGGAACGGTTTCAGAT-1",1,0,0,0,0,0,0,0,0
"859","GGGAATTCTGTCCAGT-1",0.644460282767426,0.355539717232574,0,0,0,0,0,0,0
"860","GGGACCCGTATATCTT-1",0.897389149832711,0.00625409100145045,0,0.0963567591658388,0,0,0,0,0
"861","GGGAGGATGCCCGAAA-1",0,1,0,0,0,0,0,0,0
"862","GGGATACGGTAATAAT-1",0.573319021795173,0.293065301962655,0,0.0656302639437012,0,0,0,0.067985412298471,0
"863","GGGATATTGATCGCCA-1",1,0,0,0,0,0,0,0,0
"864","GGGATCCCAATACAAA-1",0.832021823215693,0,0,0.167978176784307,0,0,0,0,0
"865","GGGCACGAATTGGCCG-1",1,0,0,0,0,0,0,0,0
"866","GGGCCGGCCGAAGTAC-1",0.995159406122675,0.00484059387732495,0,0,0,0,0,0,0
"867","GGGCCTATACAACCGG-1",0.198556102570228,0.318168496568574,0,0.0794293796016035,0.403846021259595,0,0,0,0
"868","GGGCCTATTTAAGTAT-1",1,0,0,0,0,0,0,0,0
"869","GGGCGAATTTCTCCAC-1",0.767161573329122,0.232838426670878,0,0,0,0,0,0,0
"870","GGGCGTTTACATTCAT-1",0.99135564171407,0.00864435828593031,0,0,0,0,0,0,0
"871","GGGCTATGATCGATGG-1",0.636075041874688,0,0.00383489752218796,0.360090060603124,0,0,0,0,0
"872","GGGTCACCGTGACGGT-1",1,0,0,0,0,0,0,0,0
"873","GGGTCATGCGTACCAT-1",0.425601331442362,0.44868246842491,0.125716200132727,0,0,0,0,0,0
"874","GGGTGCATATGAAAGC-1",0.732526101756628,0.267473898243372,0,0,0,0,0,0,0
"875","GGGTGGTCCAGCCTGT-1",0.216316407924836,0.193956042445819,0,0,0.589727549629345,0,0,0,0
"876","GGGTTAACATTTGAGT-1",1,0,0,0,0,0,0,0,0
"877","GGTAAATGTGCGTTAC-1",0.451423600285635,0.548576399714365,0,0,0,0,0,0,0
"878","GGTACACCAGATTTAT-1",0.601042674591751,0.398957325408249,0,0,0,0,0,0,0
"879","GGTACCATTAAGACGG-1",0.729956669677988,0,0,0.270043330322012,0,0,0,0,0
"880","GGTAGAAGACCGCCTG-1",0.591302533338971,0,0,0.408697466661029,0,0,0,0,0
"881","GGTAGACCGTTGGGCG-1",0.568392435910504,0.431607564089496,0,0,0,0,0,0,0
"882","GGTAGTGCTCGCACCA-1",0.509486627509092,0.122669836912937,0,0,0,0.134763484254478,0,0.233080051323493,0
"883","GGTATGAAAGAACTGA-1",0.633771685270044,0.366228314729956,0,0,0,0,0,0,0
"884","GGTCATTGTAGTCATA-1",0.928456347848849,0,0,0.0715436521511507,0,0,0,0,0
"885","GGTCCACGTCTATTTG-1",1,0,0,0,0,0,0,0,0
"886","GGTCCTTCATACGACT-1",0,1,0,0,0,0,0,0,0
"887","GGTCGGTAATTAGACA-1",0.486208289156938,0,0.513791710843062,0,0,0,0,0,0
"888","GGTCGGTCGTCCACAG-1",1,0,0,0,0,0,0,0,0
"889","GGTCTCCGTCCAGGTT-1",0.697952743363058,0.298077406803513,0.00396984983342885,0,0,0,0,0,0
"890","GGTCTTGGTGTTAACT-1",0.676491490944154,0.323508509055846,0,0,0,0,0,0,0
"891","GGTGATAAGGAGCAGT-1",0.986288460824785,0,0.0137115391752146,0,0,0,0,0,0
"892","GGTGATGAAGGAAGTG-1",0.706129876468116,0.293870123531884,0,0,0,0,0,0,0
"893","GGTGCAGAGCCTATCG-1",0.766997730155191,0,0,0.233002269844809,0,0,0,0,0
"894","GGTGCGGATAAGTGGC-1",0,1,0,0,0,0,0,0,0
"895","GGTGGACCACGTGTTA-1",0,1,0,0,0,0,0,0,0
"896","GGTGGACTGCTCTGGC-1",0.751985172458549,0,0,0.248014827541451,0,0,0,0,0
"897","GGTGTTCTGTTTCTAC-1",0,0.225882919451661,0,0,0.774117080548339,0,0,0,0
"898","GGTTAGGCTTGGAGAA-1",0,1,0,0,0,0,0,0,0
"899","GGTTCGATGCTGAGTT-1",0,0.583061906171461,0,0.0552003743101783,0.361737719518361,0,0,0,0
"900","GGTTGTGCTCTTGTCC-1",0.556295449372129,0.443704550627871,0,0,0,0,0,0,0
"901","GGTTTAATTGAGCAGG-1",0.992488844556225,0.00751115544377476,0,0,0,0,0,0,0
"902","GGTTTCAATCGGTCAG-1",0.987130305996118,0.0128696940038816,0,0,0,0,0,0,0
"903","GGTTTGACAAGAAGCT-1",0.86130382483186,0,0,0.13869617516814,0,0,0,0,0
"904","GGTTTGCGAACACGTA-1",0.990913532445567,0.00908625488638859,2.12668043971718e-07,0,0,0,0,0,0
"905","GGTTTGTGACCTGAGG-1",0,1,0,0,0,0,0,0,0
"906","GTAACAACTGACCTTG-1",0.83386314716448,0.16613685283552,0,0,0,0,0,0,0
"907","GTAAGGATTTGTCGGA-1",0.194352465866729,0.805647534133271,0,0,0,0,0,0,0
"908","GTAAGTAGGGTATACC-1",0,1,0,0,0,0,0,0,0
"909","GTAATAAAGGGCTCCC-1",0.464604733506554,0,0,0.43921438248814,0,0,0,0.0961808840053062,0
"910","GTACACTTACCTGAAG-1",1,0,0,0,0,0,0,0,0
"911","GTACAGAGGCAAGGGT-1",0.993653004136656,0.00634699586334388,0,0,0,0,0,0,0
"912","GTACGTCACGTATTAA-1",0.901393536026107,0,0,0.0986064639738934,0,0,0,0,0
"913","GTACTACGGCCTCGTT-1",0.746469302093277,0.253530697906723,0,0,0,0,0,0,0
"914","GTAGCCAAACATGGGA-1",0.298103297111488,0.701896702888512,0,0,0,0,0,0,0
"915","GTAGCGGCTATACACT-1",0.581799741552846,0.418200258447154,0,0,0,0,0,0,0
"916","GTAGTCGCGGGAATCA-1",0,1,0,0,0,0,0,0,0
"917","GTATAATCTCCCGGAT-1",0.635848677786865,0.17469524320911,0,0,0,0,0.0905242043022287,0.0989318747017963,0
"918","GTATAGTGGCCCATGT-1",0,0.429762345512565,0.0788796460731599,0.122442344851345,0.36891566356293,0,0,0,0
"919","GTATCAAACGTTAGCT-1",0.408454812040772,0.591545187959228,0,0,0,0,0,0,0
"920","GTATCTCGGGCGCTTT-1",0.477552176977007,0.522447823022993,0,0,0,0,0,0,0
"921","GTATGTGGGTCTAGTT-1",0,1,0,0,0,0,0,0,0
"922","GTATTAGGGTTCGCGT-1",0,1,-5.4018879432189e-18,0,0,0,0,0,0
"923","GTCAACCAGGCCTATA-1",0.390628277686867,0.609371722313133,0,0,0,0,0,0,0
"924","GTCAAGCGGACTCGGG-1",0.56850560122557,0.43149439877443,0,0,0,0,0,0,0
"925","GTCAATGCTATAATTT-1",0.993323813202925,0.00667618679707525,0,0,0,0,0,0,0
"926","GTCACAAAGTTTCCAA-1",0.388283159162614,0.225324129278348,0,0.0580113669069048,0.328381344652133,0,0,0,0
"927","GTCAGACAGCGTTGGA-1",0.513148431039068,0.486851568960932,0,0,0,0,0,0,0
"928","GTCAGTTGTGCTCGTT-1",0.588881470711066,0.411118529288934,0,0,0,0,0,0,0
"929","GTCATCCCAAACTCAC-1",0.702121410080492,0.297878589919508,0,0,0,0,0,0,0
"930","GTCATCTCCTACAGCT-1",0,1,0,0,0,0,0,0,0
"931","GTCATTAGAGCGAACG-1",1,0,0,0,0,0,0,0,0
"932","GTCCGGACCTGAAATT-1",1,0,0,0,0,0,0,0,0
"933","GTCCTACAGGCGGCTC-1",0.718555319099323,0.281444680900677,0,0,0,0,0,0,0
"934","GTCCTACGAATAGTCT-1",0.695166062748599,0.304833937251401,0,0,0,0,0,0,0
"935","GTCCTATTGTTGTGGT-1",0.601486096730518,0.333854847169886,0.0646590560995955,0,0,0,0,0,0
"936","GTCCTTTAATGACTTC-1",0.617680281543818,0.382319718456182,0,0,0,0,0,0,0
"937","GTCGCCGTTGTGTGTT-1",0.454429976617869,0.545570023382131,0,0,0,0,0,0,0
"938","GTCGCGTAACCCGTTG-1",0.228110086482326,0.771889913517674,0,0,0,0,0,0,0
"939","GTCGGAAGGATACCAG-1",0.95846166134893,0.00385256222451651,0,0.0376857764265536,0,0,0,0,0
"940","GTCGTGTCTGGTCATC-1",0.928563975926922,0,0,0.0714360240730777,0,0,0,0,0
"941","GTCTAAGATGCCCAGC-1",0,0.221989481260263,0,0,0.778010518739737,0,0,0,0
"942","GTCTGCCGACTCGACG-1",0.797633179303709,0.202366820696291,0,0,0,0,0,0,0
"943","GTCTTAGTACAGCCGG-1",0.724642468790993,0.275357531209007,0,0,0,0,0,0,0
"944","GTCTTCCTCACCTAAG-1",0.526663755080037,0.473336244919963,0,0,0,0,0,0,0
"945","GTGAACTCCCATTCGA-1",0.471799432103548,0,0,0.46096313503982,0,0,0,0.0672374328566317,0
"946","GTGACGAGGGTGACCC-1",0,1,0,0,0,0,0,0,0
"947","GTGAGTCTAAGACGGA-1",0,1,0,0,0,0,0,0,0
"948","GTGAGTGGTACAACGC-1",0.513507025449454,0.486492974550546,0,0,0,0,0,0,0
"949","GTGATCAAGCGTGCAC-1",0.645234130589339,0.354765869410661,0,0,0,0,0,0,0
"950","GTGCAACAAATGTGGC-1",1,0,0,0,0,0,0,0,0
"951","GTGCCCGTTCGGATTC-1",0.507478424190696,0.492521575809304,0,0,0,0,0,0,0
"952","GTGCCTAGCTATGCTT-1",0.740646312345402,0.259353687654597,0,0,0,0,0,0,0
"953","GTGCCTCAGTGTACGG-1",0.900076028035274,0,0,0.0999239719647257,0,0,0,0,0
"954","GTGCGACAGGGAGTGT-1",0,1,0,0,0,0,0,0,0
"955","GTGCTCAAGTACTGTC-1",0.851889033293948,0,0,0.148110966706052,0,0,0,0,0
"956","GTGCTGTTAGAACATA-1",0.855569388300104,0,0,0.144430611699896,0,0,0,0,0
"957","GTGGCTGTTTCTGTTC-1",0.929181632209435,0.0088157775485057,0,0.0620025902420596,0,0,0,0,0
"958","GTGGGCTTAGACACAC-1",0.522339173380078,0.477660826619923,0,0,0,0,0,0,0
"959","GTGGTATAGTCTGCCG-1",0.45889743073325,0.54110256926675,0,0,0,0,0,0,0
"960","GTGGTCAGCGAAGTAT-1",0.99389973623329,0.0061002637667097,0,0,0,0,0,0,0
"961","GTGGTTACTTCTTTCG-1",0.924942972967907,0,0,0.0750570270320929,0,0,0,0,0
"962","GTGTCGTATAGCGTTC-1",0.722547392090668,0,0,0.277452607909332,0,0,0,0,0
"963","GTGTCGTATTCACCTT-1",0.330733869103201,0.669266130896799,0,0,0,0,0,0,0
"964","GTTAAAGTAGGACTGG-1",0,1,0,0,0,0,0,0,0
"965","GTTAACATCACTTAAA-1",0.375219659789748,0,0,0.287111035515434,0,0,0,0.337669304694819,0
"966","GTTAGAGTGTGCCGCT-1",0,0.923426488244784,0,0,0.0765735117552157,0,0,0,0
"967","GTTAGCCGTAAATCAA-1",0.566243247136249,0.433756752863751,0,0,0,0,0,0,0
"968","GTTATATCAGGAGCCA-1",1,0,0,0,0,0,0,0,0
"969","GTTCAATCTATGTCAA-1",0,0.314860760656273,0,0,0.685139239343727,0,0,0,0
"970","GTTCATCGTTTGGCTG-1",0.42811406137466,0.57188593862534,0,0,0,0,0,0,0
"971","GTTCCAGTCTGACCAT-1",0.828456345214291,0.171543654785709,0,0,0,0,0,0,0
"972","GTTCGACAATTGTATA-1",0.990543570318071,0.00945642968192938,0,0,0,0,0,0,0
"973","GTTCGCCATAAGTGCC-1",0.427795459977781,0.572204540022219,0,0,0,0,0,0,0
"974","GTTCGGGCGTACCATT-1",0.551800895370624,0.448199104629376,0,0,0,0,0,0,0
"975","GTTCGTCTAAAGAACT-1",0,1,0,0,0,0,0,0,0
"976","GTTCGTCTGGGTCCCT-1",0.919556226093678,0,0,0.0804437739063217,0,0,0,0,0
"977","GTTCTTCCCTCGATGT-1",0.230095022334471,0.769904977665529,0,0,0,0,0,0,0
"978","GTTGAGTCCCGCCGGT-1",0.994148684600568,0.00585131539943212,0,0,0,0,0,0,0
"979","GTTGCACGGAGTTTCG-1",0.511810492763753,0.488189507236247,0,0,0,0,0,0,0
"980","GTTGGATTTGCGTTGG-1",0.992130278247954,0.00786972175204623,0,0,0,0,0,0,0
"981","GTTGGTCATGCTATCC-1",0.91288103048101,0,0,0,0,0,0.0871189695189902,0,0
"982","GTTGTCGTGTTAGTTG-1",0.524124373448486,0,0.252673413373906,0.223202213177608,0,0,0,0,0
"983","GTTGTTACATTGCGCT-1",0.921062648679779,0,0,0.078937351320221,0,0,0,0,0
"984","GTTTATGGGATTTAGA-1",0.840881121904896,0,0,0.159118878095104,0,0,0,0,0
"985","GTTTCTAGAGGCGCGG-1",1,0,0,0,0,0,0,0,0
"986","GTTTCTGCAGTCTCCC-1",0.387747305596397,0.612252694403603,0,0,0,0,0,0,0
"987","GTTTGGCGTCAGGCAC-1",0.197689727249122,0.475492728857964,0,0.118672218423047,0.208145325469867,0,0,0,0
"988","GTTTGGGCTTGTGAGC-1",0.640908721710543,0.359091278289457,0,0,0,0,0,0,0
"989","GTTTGGTAGGGTCAAC-1",1,0,0,0,0,0,0,0,0
"990","TAAACGTCGTCAATGA-1",0.991186745751658,0.0088132542483423,0,0,0,0,0,0,0
"991","TAAATCTTTACACCTC-1",1,0,0,0,0,0,0,0,0
"992","TAAATGCCGTCTCATG-1",0.775488532358771,0,0,0.224511467641229,0,0,0,0,0
"993","TAACAGCGTTTGTGCT-1",0.924582279731866,0.00859503877404325,0,0.0668226814940902,0,0,0,0,0
"994","TAACATACAATGTGGG-1",0.992395498193183,0.00758522259291306,1.92792139043916e-05,0,0,0,0,0,0
"995","TAACCTACCGTCCGAG-1",0.904515033054272,0,0,0.0954849669457283,0,0,0,0,0
"996","TAACTATTACGCCAAA-1",0.550213697142222,0,0,0.449786302857778,0,0,0,0,0
"997","TAAGCGCGAATCAAAT-1",0.399057427523874,0.600942572476126,0,0,0,0,0,0,0
"998","TAAGGCATAACATCAA-1",1,0,0,0,0,0,0,0,0
"999","TAAGGGCCTGTCCGAT-1",0.992963104119634,0.00703689588036619,0,0,0,0,0,0,0
"1000","TAAGTAAATGTGCCGC-1",0,1,0,0,0,0,0,0,0
"1001","TAAGTGAATAGTCTAC-1",0.999599971437275,0,0,0,0,0,0.000400028562724986,0,0
"1002","TAAGTTGCGACGTAGG-1",0.0475424378813825,0.952457562118617,0,0,0,0,0,0,0
"1003","TAATAGCTAAATGATG-1",0.125598858264013,0.874401141735987,0,0,0,0,0,0,0
"1004","TAATATTGAAATTCGC-1",0.3336597814106,0.6663402185894,0,0,0,0,0,0,0
"1005","TAATGTCGGTTCATGG-1",1,0,0,0,0,0,0,0,0
"1006","TAATTACGTCAGTAGA-1",0.992644282483861,0.00735571751613872,0,0,0,0,0,0,0
"1007","TACAAGGGCTTCTTTA-1",0.78621954722272,0,0,0.21378045277728,0,0,0,0,0
"1008","TACACCGTCGTTAGTC-1",1,0,0,0,0,0,0,0,0
"1009","TACACCTCTTCGAATC-1",1,0,0,0,0,0,0,0,0
"1010","TACATAGGCATACACC-1",0.987621550558822,0.0123784494411779,0,0,0,0,0,0,0
"1011","TACATTTCTAACGTGC-1",0.988251614214665,0.0117483857853347,0,0,0,0,0,0,0
"1012","TACCAATAAAGTACCA-1",0.603308525862548,0,0,0.341283520256673,0,0,0,0.0554079538807792,0
"1013","TACCAGCTAGGTTTAA-1",0.793044985149935,0.206955014850065,0,0,0,0,0,0,0
"1014","TACCGAATAATTGTAA-1",0.763380303651345,0,0,0,0,0.236619696348655,0,0,0
"1015","TACCGCGGACTTGCAG-1",1,0,0,0,0,0,0,0,0
"1016","TACCGTGCCTCGGACC-1",0.99302321480056,0.00697678519943975,0,0,0,0,0,0,0
"1017","TACCTCACGCTTGTAC-1",1,0,0,0,0,0,0,0,0
"1018","TACCTCCACACCAATG-1",0.993883277378456,0,0.00611672262154438,0,0,0,0,0,0
"1019","TACGCCTCCATTCCGA-1",0.773673366588667,0,0.226326633411333,0,0,0,0,0,0
"1020","TACGCTATAGAAACCT-1",0.600775264275514,0.399224735724486,0,0,0,0,0,0,0
"1021","TACGCTGCTGTGTTAA-1",0.639619732359137,0.360380267640863,0,0,0,0,0,0,0
"1022","TACGGGTAATAACATA-1",0.917976479511879,0.00648874491664628,0,0.0755347755714743,0,0,0,0,0
"1023","TACGTAAAGCGGAGTG-1",0.232146336843525,0.767853663156475,0,0,0,0,0,0,0
"1024","TACTATGGTTCCTCAG-1",1,0,0,0,0,0,0,0,0
"1025","TACTCCTCTAGTTGAC-1",0.873687842834299,0.126312157165701,0,0,0,0,0,0,0
"1026","TACTCTTTCGTCTTCA-1",1,0,0,0,0,0,0,0,0
"1027","TACTGAACAGATTTAG-1",0.482525399911754,0.517474600088246,0,0,0,0,0,0,0
"1028","TACTTGTTAGTAGTCC-1",0.459640577832472,0.540359422167528,0,0,0,0,0,0,0
"1029","TAGAAACCACTAAGTA-1",0,0.00583511524641354,0,0.10478708450311,0.889377800250477,0,0,0,0
"1030","TAGAATTAAGGGCAAC-1",0.99463162874448,0.00536837125551968,0,0,0,0,0,0,0
"1031","TAGAGCTACGAAGAAC-1",0,1,0,0,0,0,0,0,0
"1032","TAGAGGTTCTACTTGT-1",0.611604958163946,0.388395041836054,0,0,0,0,0,0,0
"1033","TAGATCCGAAGTCGCA-1",0.554303223325046,0.445696776674954,0,0,0,0,0,0,0
"1034","TAGATGGTTCCTTACT-1",0.992295959373093,0.00770404062690684,0,0,0,0,0,0,0
"1035","TAGCAGATACTTAGGG-1",0.810856050087519,0.189143949912481,0,0,0,0,0,0,0
"1036","TAGCAGTAAATACGCG-1",0,0.257895062282976,0,0.088870266040998,0.653234671676025,0,0,0,0
"1037","TAGCAGTATGACTAAA-1",1,0,0,0,0,0,0,0,0
"1038","TAGCGTCCGGTGTGGT-1",1,0,0,0,0,0,0,0,0
"1039","TAGCGTTGGGTCTTAC-1",0.863879886326052,0.136120113673948,0,0,0,0,0,0,0
"1040","TAGCTCAGATCCTAGT-1",0,1,0,0,0,0,0,0,0
"1041","TAGCTCGCCTGATAAC-1",0,1,0,0,0,0,0,0,0
"1042","TAGGAACAGCCTCCAG-1",0,0.812296954994089,0,0,0.187703045005911,0,0,0,0
"1043","TAGGCTAAAGTGGCAC-1",1,0,0,0,0,0,0,0,0
"1044","TAGGGAGCTTGGGATG-1",0.584333968628838,0.415666031371162,0,0,0,0,0,0,0
"1045","TAGGTCGCCGGAACTG-1",0.801062439640632,0,0,0.198937560359368,0,0,0,0,0
"1046","TAGGTTCGAGTTCGTC-1",0.938715151424761,0,0,0.0612848485752387,0,0,0,0,0
"1047","TAGTCCGTATGCATAA-1",0.543596392718567,0.456403607281433,0,0,0,0,0,0,0
"1048","TAGTCCTGCACTAAGC-1",0.992623700777908,0.00737629922209165,0,0,0,0,0,0,0
"1049","TAGTCGGGATTCTTCG-1",0.990639487295031,0.0093605127049689,0,0,0,0,0,0,0
"1050","TAGTGCTTGAATCCTT-1",0.987991834054774,0,0.0120081659452266,0,0,0,0,0,0
"1051","TAGTTTATTCTTGCTT-1",0.675379032472249,0.324620967527751,0,0,0,0,0,0,0
"1052","TATAAATCCACAAGCT-1",0.604856109593921,0.395143890406079,0,0,0,0,0,0,0
"1053","TATAAGTGAGGATAGC-1",0,1,0,0,0,0,0,0,0
"1054","TATACACAGACGCCTT-1",0,1,0,0,0,0,0,0,0
"1055","TATAGAGTCGCTTGAA-1",0,1,0,0,0,0,0,0,0
"1056","TATATAGGGCTTTACG-1",0.819562545079512,0.180437454920488,0,0,0,0,0,0,0
"1057","TATATCATTGATCAGT-1",0.554582557475948,0.394404740194157,0,0.0510127023298949,0,0,0,0,0
"1058","TATATCCCTGGGAGGA-1",0.222085467873947,0.777914532126053,0,0,0,0,0,0,0
"1059","TATATGCTGGGTTGCC-1",0.427752591910282,0.475501759121947,0,0.0967456489677709,0,0,0,0,0
"1060","TATATTCGCGTCGATA-1",0,0.244312660637964,0,0.338400907337331,0.417286432024705,0,0,0,0
"1061","TATCAAAGGTCTGTAA-1",0.210138286277537,0.789861713722463,0,0,0,0,0,0,0
"1062","TATCACCATGTAAAGT-1",1,0,0,0,0,0,0,0,0
"1063","TATCCAATTGGTTATC-1",0.486428284256773,0,0,0.513571715743227,0,0,0,0,0
"1064","TATCCATATCATGCGA-1",1,0,0,0,0,0,0,0,0
"1065","TATCCCTCGATCTGCA-1",0.86520793768675,0,0,0.13479206231325,0,0,0,0,0
"1066","TATCCTGCATGGGAAT-1",0.994247604155575,0.00575239584442454,0,0,0,0,0,0,0
"1067","TATCGATGATTAAACG-1",0.870875365547847,0,0,0.129124634452153,0,0,0,0,0
"1068","TATGAAGAATTAAGGT-1",0.993087509050036,0.00691249094996368,0,0,0,0,0,0,0
"1069","TATGATAAATCTAACG-1",0,1,0,0,0,0,0,0,0
"1070","TATGATCCGGCACGCC-1",0.833084218006821,0,0,0.127310657303943,0,0,0,0.0396051246892356,0
"1071","TATGGGACCGAGCAGG-1",1,0,0,0,0,0,0,0,0
"1072","TATGGTCTGAGTAACA-1",1,0,0,0,0,0,0,0,0
"1073","TATTAACCTGACCGCG-1",1,0,0,0,0,0,0,0,0
"1074","TATTCCGAGCTGTTAT-1",0.453726684482702,0,0,0.546273315517298,0,0,0,0,0
"1075","TATTTGTTACCCTTTA-1",1,0,0,0,0,0,0,0,0
"1076","TCAAAGTCACGGCGTC-1",0.992603523812452,0.00739647618754829,0,0,0,0,0,0,0
"1077","TCAACATAGCGCCCTA-1",1,0,0,0,0,0,0,0,0
"1078","TCAAGAAATACTAGCT-1",0,1,0,0,0,0,0,0,0
"1079","TCAATACAATTGCTGC-1",0,0.909251396461437,0,0.0907486035385629,0,0,0,0,0
"1080","TCACAAACCGAGGTAC-1",0.91873098606742,0,0,0.0812690139325803,0,0,0,0,0
"1081","TCACAGGAGAATAAGA-1",1,0,0,0,0,0,0,0,0
"1082","TCACAGGTTATTGGGC-1",0.994339608654358,0.00566039134564174,0,0,0,0,0,0,0
"1083","TCACGCATTGTAGATC-1",1,0,0,0,0,0,0,0,0
"1084","TCACGGTCATCGCACA-1",0.856974566375965,0.143025433624035,0,0,0,0,0,0,0
"1085","TCACGTGCCCGATTCA-1",0.765164268866463,0.234835731133537,0,0,0,0,0,0,0
"1086","TCACTCTTCGTCTGTC-1",0.487122210751619,0.512877789248381,0,0,0,0,0,0,0
"1087","TCAGAACCTCCACAGG-1",0.466184525139763,0,0,0.533815474860236,0,0,0,0,0
"1088","TCAGAGGACGCGTTAG-1",0.992678936506668,0.00732106349333142,0,0,0,0,0,0,0
"1089","TCAGATGGAGACGTAG-1",0,1,6.3729180680607e-19,0,0,0,0,0,0
"1090","TCAGCAGTAGGCCCTG-1",0.992919257422222,0.00708074257777814,0,0,0,0,0,0,0
"1091","TCAGCCAATCCGTAAA-1",0.159700762582944,0.840299237417056,0,0,0,0,0,0,0
"1092","TCAGGGCGCAAACTCG-1",0.600341816392184,0.399658183607816,0,0,0,0,0,0,0
"1093","TCAGGGTGCACGAAAC-1",0.186659608282975,0.813340391717025,0,0,0,0,0,0,0
"1094","TCAGGTTCTTTGAGAA-1",0.993969348431102,0,0.00603065156889772,0,0,0,0,0,0
"1095","TCAGTGTATACGTCAT-1",0.290784928762996,0.709215071237004,0,0,0,0,0,0,0
"1096","TCATCCCAGAGGGTGG-1",0.99160628001751,0.00839371998249036,0,0,0,0,0,0,0
"1097","TCATTCGTATAATTTG-1",0,1,0,0,0,0,0,0,0
"1098","TCATTTAAGTCTCCGA-1",0.992968187534381,0.00703181246561911,0,0,0,0,0,0,0
"1099","TCCAGAGCACCGGTTC-1",0.989919103622065,0,0,0,0,0.0100808963779349,0,0,0
"1100","TCCAGATGTACGCCAA-1",0.496770970848372,0.455545830402085,0,0.0476831987495429,0,0,0,0,0
"1101","TCCATTCCCACTAGAG-1",0.489114968691385,0.510885031308615,0,0,0,0,0,0,0
"1102","TCCATTGTGACCTCGT-1",0,1,0,0,0,0,0,0,0
"1103","TCCCACTCTCTTCCGG-1",0.911889729500941,0.00931324938525685,0,0.0787970211138016,0,0,0,0,0
"1104","TCCCAGCTTTAGTCTG-1",0.891777692097174,0,0,0.108222307902826,0,0,0,0,0
"1105","TCCCGTCGCGTCATAG-1",0.98885799042642,0.0111420095735796,0,0,0,0,0,0,0
"1106","TCCCTAGATCAATAGG-1",0.865042937817323,0.00707549609663439,-1.65172570518416e-22,0.127881566086043,0,0,0,0,0
"1107","TCCGAATGGTCCTGAG-1",0,0.992947449593378,0.00705255040662175,0,0,0,0,0,0
"1108","TCCGCAGCCACCTAGC-1",0.505218423236326,0.494356758118688,0.000424818644986068,0,0,0,0,0,0
"1109","TCCGCGGCAGCATCTG-1",0.665957667688793,0.212868080493402,0,0.121174251817804,0,0,0,0,0
"1110","TCCGCTTATCCCATTA-1",0,1,-8.8606992145825e-20,0,0,0,0,0,0
"1111","TCCGGGCTTGACGGGA-1",0.909448617360797,0,0,0.0905513826392033,0,0,0,0,0
"1112","TCCGGTTCGTCCGGTC-1",0.106124396179202,0.893875603820798,0,0,0,0,0,0,0
"1113","TCCGTAACCACAATCC-1",0.520164397829783,0.399258423381179,0,0.080577178789039,0,0,0,0,0
"1114","TCCTCGGGCTGGGCTT-1",0.992517735921717,0.00748226407828261,0,0,0,0,0,0,0
"1115","TCCTCTGGCCCATTAG-1",0.993127974105582,0.00687202589441835,0,0,0,0,0,0,0
"1116","TCCTGGCGCTGCCTGG-1",0.805008894793325,0,0,0.194991105206675,0,0,0,0,0
"1117","TCCTTTAAATCCGCTT-1",1,0,0,0,0,0,0,0,0
"1118","TCGAAATTTAGGACCA-1",1,0,0,0,0,0,0,0,0
"1119","TCGAGACCAACACCGT-1",0.992923450779829,0.00707654922017135,0,0,0,0,0,0,0
"1120","TCGAGCCAGGCAGGCC-1",0.180531070008713,0.819468929991287,0,0,0,0,0,0,0
"1121","TCGCACCAGGAGGCAG-1",0.457633015722005,0.542366984277995,0,0,0,0,0,0,0
"1122","TCGCCACCCGGATTAC-1",0.39569590869508,0.60430409130492,0,0,0,0,0,0,0
"1123","TCGCCCAACTGACTCC-1",0.942425352717228,0,0.0575746472827716,0,0,0,0,0,0
"1124","TCGCCGGATGGGCAAG-1",0.450942481826667,0.549057518173333,0,0,0,0,0,0,0
"1125","TCGCCTCCTTCGGCTC-1",0.992503230775515,0.00749676922448472,0,0,0,0,0,0,0
"1126","TCGCGTAGCAGTGTCC-1",0.566705711073057,0.433294288926943,0,0,0,0,0,0,0
"1127","TCGCTTAATTACGAAG-1",0.503230111618862,0.496769888381138,0,0,0,0,0,0,0
"1128","TCGGAATGACCATCAA-1",0,0.454960602389212,0,0,0.545039397610788,0,0,0,0
"1129","TCGGCTTGTATCGACG-1",1,0,0,0,0,0,0,0,0
"1130","TCGGGAACGTGCCTAG-1",0.989522613374829,0.0104773866251714,0,0,0,0,0,0,0
"1131","TCGGGTGAAACTGCTA-1",0,0.220760348318132,0,0,0.779239651681868,0,0,0,0
"1132","TCGGTCCCTGACTCCA-1",1,0,0,0,0,0,0,0,0
"1133","TCGGTTAGCCATGTAG-1",0,1,0,0,0,0,0,0,0
"1134","TCGTATAGTGCAATTA-1",0.0879297232832343,0.912070276716766,0,0,0,0,0,0,0
"1135","TCGTATTTCGTCCGGA-1",0,0.267262341159557,0,0,0.732737658840443,0,0,0,0
"1136","TCGTCAAGTACGCGCA-1",0,1,0,0,0,0,0,0,0
"1137","TCGTCCGCTGGCGTCT-1",0,1,0,0,0,0,0,0,0
"1138","TCGTCCGGGTACACTC-1",0,1,0,0,0,0,0,0,0
"1139","TCGTCTTAGGCGTTAA-1",1,0,0,0,0,0,0,0,0
"1140","TCGTGTATTGGTCACG-1",0,1,0,0,0,0,0,0,0
"1141","TCGTTAGGAGTCCCTA-1",0.317684097858802,0.682315902141198,0,0,0,0,0,0,0
"1142","TCGTTCGTTATTATGT-1",0.00343302100267656,0.996566978997323,0,0,0,0,0,0,0
"1143","TCGTTGACAGGGTCCC-1",0.431083533149192,0.497703382177548,0,0.0712130846732595,0,0,0,0,0
"1144","TCGTTGCTATCCGGTC-1",0,1,0,0,0,0,0,0,0
"1145","TCGTTTACGCGACCCT-1",0.993294128388434,0.00670587161156621,0,0,0,0,0,0,0
"1146","TCTAACTGTATGTAAA-1",0.329112848230113,0.670887151769887,0,0,0,0,0,0,0
"1147","TCTACACGTTCATGCA-1",0,1,0,0,0,0,0,0,0
"1148","TCTACGGGCTCAGTTG-1",1,0,0,0,0,0,0,0,0
"1149","TCTAGCATCTTCGATG-1",0.993486839578041,0,0.00651316042195941,0,0,0,0,0,0
"1150","TCTAGTTATCAGAAGA-1",0.906630984315859,0.0101668697552748,0,0.0832021459288664,0,0,0,0,0
"1151","TCTCAAATCAATCGGG-1",1,0,0,0,0,0,0,0,0
"1152","TCTCCCTGGGCAGCGT-1",0.279597351341064,0,0,0.720402648658936,0,0,0,0,0
"1153","TCTCTAATAGCTGGTA-1",0.704396367037354,0,0,0.20951090250394,0,0,0,0.0860927304587059,0
"1154","TCTGAATTCCGTACAA-1",0.657469966586408,0.252193863928969,0,0.0903361694846226,0,0,0,0,0
"1155","TCTGACGGGCTAACCC-1",0.220800983599699,0.779199016400301,0,0,0,0,0,0,0
"1156","TCTGATGTATTCTGTC-1",0.609513919298257,0.390486080701743,0,0,0,0,0,0,0
"1157","TCTGCAGATTCGAGTC-1",0.501774249229029,0.498225750770971,0,0,0,0,0,0,0
"1158","TCTGCATACCTTGCTT-1",1,0,0,0,0,0,0,0,0
"1159","TCTGCGAATCGTTCGC-1",0.685228912143554,0.314771087856446,0,0,0,0,0,0,0
"1160","TCTTCCCATGGGCACA-1",0.675364195115631,0,0,0.324635804884369,0,0,0,0,0
"1161","TCTTCGAATAGACGTT-1",0.397357530792415,0.602642469207585,0,0,0,0,0,0,0
"1162","TCTTGGTCAATGATAC-1",0.99294566960067,0.00705433039933021,0,0,0,0,0,0,0
"1163","TCTTTAAGACTATGAA-1",1,0,0,0,0,0,0,0,0
"1164","TCTTTCTCTTAAGGAG-1",0,1,0,0,0,0,0,0,0
"1165","TGAAACTTATGCAAGC-1",1,0,0,0,0,0,0,0,0
"1166","TGAAAGGACCTGACTC-1",0.872200573737258,0.00758750519116437,0,0.120211921071578,0,0,0,0,0
"1167","TGAAGAGCGGTCCTAG-1",0.620127760048225,0.379872239951775,0,0,0,0,0,0,0
"1168","TGAATGAGATACAGCA-1",0.478543079379867,0.521456920620133,0,0,0,0,0,0,0
"1169","TGACATCGAGCGGACC-1",0,1,0,0,0,0,0,0,0
"1170","TGACCAGCTTCAAAGT-1",0.239350580335381,0.760649419664619,0,0,0,0,0,0,0
"1171","TGACCCACGTTAGACA-1",1,0,0,0,0,0,0,0,0
"1172","TGACGATGCACTAGAA-1",0.422797793131387,0.577202206868613,0,0,0,0,0,0,0
"1173","TGAGAATGCTTTACCG-1",0.485441592351577,0,0,0.514558407648423,0,0,0,0,0
"1174","TGAGATCAAATACTCA-1",0,0.343979059946534,0,0.133077317008948,0.522943623044518,0,0,0,0
"1175","TGAGCGGAAAGTGTTC-1",0.468725890179626,0,0,0.403370490209549,0,0,0,0.127903619610825,0
"1176","TGATACATTTAGCCGT-1",0,1,0,0,0,0,0,0,0
"1177","TGATCCCAGCATTAGT-1",0.746975733285573,0,0,0.253024266714427,0,0,0,0,0
"1178","TGATCTATCACACTCT-1",0.991316126324599,0.00868387367540081,0,0,0,0,0,0,0
"1179","TGATGGCTGTTTCTGA-1",0.448343337616447,0.551656662383553,0,0,0,0,0,0,0
"1180","TGATGTCAATTAAGTG-1",0,1,0,0,0,0,0,0,0
"1181","TGATTATGGCACGCAG-1",0.878013141110286,0,0,0.121986858889714,0,0,0,0,0
"1182","TGATTCGTCTATCACT-1",0.991997634684752,0.00800236531524819,0,0,0,0,0,0,0
"1183","TGCAACTACTGGTTGA-1",0.816621955434818,0,0,0.183378044565182,0,0,0,0,0
"1184","TGCACAGTGAAGTTAT-1",0.890880356296408,0,0,0.109119643703592,0,0,0,0,0
"1185","TGCACGAGTCGGCAGC-1",0,0.194000009241104,0,0,0.492495671019371,0,0.0624853159421023,0,0.251019003797422
"1186","TGCACTATGTGAGTGC-1",0.989288031292738,0.0107119687072616,0,0,0,0,0,0,0
"1187","TGCAGTGAGGCTCGGG-1",0.818370144894804,0,0,0.181629855105196,0,0,0,0,0
"1188","TGCAGTGGTAGGGAAC-1",0,1,0,0,0,0,0,0,0
"1189","TGCATATGTCTGTCAC-1",0,1,0,0,0,0,0,0,0
"1190","TGCATCTCCGGATCTT-1",0,0.345562290454538,0,0,0.654437709545462,0,0,0,0
"1191","TGCCAATGGGTACTCT-1",0.817782303159801,0.182217696840199,0,0,0,0,0,0,0
"1192","TGCCAGTACGTGGAGA-1",1,0,0,0,0,0,0,0,0
"1193","TGCCATGGCTTATAAG-1",0.140749876860627,0.552400708298714,0,0.0577067298615914,0.249142684979067,0,0,0,0
"1194","TGCCGGATGTACGAGC-1",1,0,0,0,0,0,0,0,0
"1195","TGCCTTGGCCAGGCAA-1",0.993362401542852,0.00663759845714806,0,0,0,0,0,0,0
"1196","TGCGACGGCCGAACGT-1",0.433472147021692,0.566527852978308,0,0,0,0,0,0,0
"1197","TGCGAGATGGCGGCCA-1",1,0,0,0,0,0,0,0,0
"1198","TGCGAGCCCTTCCGCG-1",0.800746675393959,0,0,0.119187499220154,0,0.080065825385887,0,0,0
"1199","TGCGATGCTAATGGCT-1",0.535444857270697,0.464555142729303,0,0,0,0,0,0,0
"1200","TGCGCGATTAACGGAG-1",0.991013954844102,0.0089860451558979,0,0,0,0,0,0,0
"1201","TGCGGCATAGTTCAAC-1",0,1,0,0,0,0,0,0,0
"1202","TGCGGTGAAATTTCAT-1",0.805339207757876,0.194660792242124,0,0,0,0,0,0,0
"1203","TGCGTACGGCTAATTG-1",0.505897003459545,0.494102996540455,0,0,0,0,0,0,0
"1204","TGCTAAGTGTCTATTT-1",0,1,0,0,0,0,0,0,0
"1205","TGCTATGGCAAAGGGA-1",0.938570557513337,0.00647736172978929,0,0.054952080756874,0,0,0,0,0
"1206","TGCTCAAAGGATGCAC-1",0,1,0,0,0,0,0,0,0
"1207","TGCTGGTTGGACAATT-1",0.277817085527571,0.722182914472429,0,0,0,0,0,0,0
"1208","TGCTGTTGAAGAACTC-1",0.990672484208551,0.00932751579144864,0,0,0,0,0,0,0
"1209","TGGACACCGTTGCTTG-1",0.360730404780782,0.639269595219218,0,0,0,0,0,0,0
"1210","TGGACGTAGGCGAATC-1",0.575336455547351,0.424663544452649,0,0,0,0,0,0,0
"1211","TGGACTGTTCGCTCAA-1",1,0,0,0,0,0,0,0,0
"1212","TGGAGCTAAAGTTCCC-1",0,0.46652388062828,0,0,0.464874845572464,0,0.0686012737992557,0,0
"1213","TGGAGGGAAACACCTC-1",1,0,0,0,0,0,0,0,0
"1214","TGGAGTGATGCGATGA-1",0.855240743588286,0.144759256411714,0,0,0,0,0,0,0
"1215","TGGCAAACTAAATTAC-1",0.37911491092328,0.62088508907672,0,0,0,0,0,0,0
"1216","TGGCACGAGCTCGAGT-1",0,0.935528566887718,0,0.0644714331122817,0,0,0,0,0
"1217","TGGCAGCAGTAATAGT-1",0.433847357671753,0.566152642328247,0,0,0,0,0,0,0
"1218","TGGCCGTATATTGACC-1",0,1,0,0,0,0,0,0,0
"1219","TGGCGACTGCTCCAAA-1",0.993153074420936,0.00684692557906443,0,0,0,0,0,0,0
"1220","TGGCGATCAAGTTATG-1",0,1,0,0,0,0,0,0,0
"1221","TGGCTACACTCTACCT-1",1,0,0,0,0,0,0,0,0
"1222","TGGCTTTGGGTAGACA-1",0.906642512481723,0,0,0.0933574875182768,0,0,0,0,0
"1223","TGGGTGGGATGTCATT-1",0.994961648672699,0.00503835132730148,0,0,0,0,0,0,0
"1224","TGGGTGTAATAGATTT-1",0,1,0,0,0,0,0,0,0
"1225","TGGGTTTCGGGCGTAC-1",1,0,0,0,0,0,0,0,0
"1226","TGGTATCGCATCCCAA-1",0,0.896327256559131,0,0,0.103672743440869,0,0,0,0
"1227","TGGTCCCACGCTACGG-1",0.992331262767245,0.00766873723275492,0,0,0,0,0,0,0
"1228","TGGTTAAGGGCGCTGG-1",0.843955335879009,0,0,0.156044664120991,0,0,0,0,0
"1229","TGGTTCAACGGGTAAT-1",0.411464041826232,0.588535958173768,0,0,0,0,0,0,0
"1230","TGGTTGGAGGATCCTG-1",0.818346852647302,0,0,0.181653147352698,0,0,0,0,0
"1231","TGTACGAACAAATCCG-1",0.992944090663413,0.00705590933658645,0,0,0,0,0,0,0
"1232","TGTACTACTCTCACGG-1",0.829352840082878,0,0,0.170647159917122,0,0,0,0,0
"1233","TGTACTATCGCTCGTT-1",0,1,0,0,0,0,0,0,0
"1234","TGTAGGAGAAATTTCC-1",0.67727153994087,0,0.00807853620409395,0.314649923855036,0,0,0,0,0
"1235","TGTATACGGATGATGA-1",0,1,0,0,0,0,0,0,0
"1236","TGTATCAGACTGAAGC-1",1,0,0,0,0,0,0,0,0
"1237","TGTATTTACCTAATGC-1",1,0,0,0,0,0,0,0,0
"1238","TGTCCACGGCTCAACT-1",0.993732823297143,0.00626717670285685,0,0,0,0,0,0,0
"1239","TGTCCCGACATAGCAC-1",0.041378958995643,0.958621041004357,0,0,0,0,0,0,0
"1240","TGTCTACAGTTTCTGT-1",0.508389858464304,0.491610141535696,0,0,0,0,0,0,0
"1241","TGTGCCGGTGCCGGAA-1",0,1,0,0,0,0,0,0,0
"1242","TGTTCATAAATGTGCT-1",0.729124345504726,0.270875654495274,0,0,0,0,0,0,0
"1243","TGTTCCGCTTCCATGA-1",0,1,0,0,0,0,0,0,0
"1244","TGTTCTCTACTCCCTA-1",0,1,0,0,0,0,0,0,0
"1245","TGTTCTTCCATTGACT-1",0.113409275556487,0.886590724443513,0,0,0,0,0,0,0
"1246","TGTTTAATACTTCATC-1",0.219458768484343,0.780541231515657,0,0,0,0,0,0,0
"1247","TGTTTCGGTACTTCTC-1",0.828863103760111,0,0,0.171136896239889,0,0,0,0,0
"1248","TTAAACCTGGTTCCTT-1",0.479674334359961,0.520325665640039,0,0,0,0,0,0,0
"1249","TTAACCAACCCTCCCT-1",0.583791794675025,0,0,0.300743829425291,0,0.115464375899684,0,0,0
"1250","TTAACGTCGCAAGACC-1",0,0.358401890535033,0,0.10903536276085,0.433483751605016,0.0990789950991015,0,0,0
"1251","TTAACTCACGCGTGGA-1",0.874931330183561,0.125068669816439,4.51764712820349e-19,0,0,0,0,0,0
"1252","TTAAGACGAACGAACC-1",0,1,0,0,0,0,0,0,0
"1253","TTAAGATACCCAGAGA-1",1,0,0,0,0,0,0,0,0
"1254","TTAAGCGCCTGACCCA-1",1,0,0,0,0,0,0,0,0
"1255","TTAATGTGTTTGCAGG-1",0.992478638217733,0,0.00752136178226708,0,0,0,0,0,0
"1256","TTACGGATGGTTCGAG-1",0.779731624789136,0.00776309847129227,0.0928257716926798,0.119679505046892,0,0,0,0,0
"1257","TTACGTAGCGCGTGCT-1",0,0.242962989774831,0,0,0.757037010225169,0,0,0,0
"1258","TTACTCCGGCCGGGAA-1",0.78492832714286,0,0,0.21507167285714,0,0,0,0,0
"1259","TTAGAAGAACATGACT-1",0.647750180658201,0.352249819341799,0,0,0,0,0,0,0
"1260","TTAGAGTATTGTCGAG-1",0.99281968767857,0.00718031232143047,0,0,0,0,0,0,0
"1261","TTAGCCATAGGGCTCG-1",1,0,0,0,0,0,0,0,0
"1262","TTAGGTCATAACCGAC-1",0.675058338628317,0.324941661371684,0,0,0,0,0,0,0
"1263","TTAGTAAACCTGCTCT-1",1,0,0,0,0,0,0,0,0
"1264","TTATATACGCTGTCAC-1",0.845167475839066,0.154832524160934,0,0,0,0,0,0,0
"1265","TTATCCGGGATCTATA-1",0.424509791538346,0.557020441846326,0.0184697666153276,0,0,0,0,0,0
"1266","TTATGATCTTAACGAA-1",0.391290624413716,0.608709375586284,4.0653628426245e-19,0,0,0,0,0,0
"1267","TTATTAGGGAAGCATC-1",1,0,0,0,0,0,0,0,0
"1268","TTCAAAGTCTCTAGCC-1",0.663220692193389,0,0.0710204868713592,0.265758820935252,0,0,0,0,0
"1269","TTCAACGACCCGACCG-1",0.99283408653122,0.00716591346878054,0,0,0,0,0,0,0
"1270","TTCAATACTCTGAATC-1",0,1,0,0,0,0,0,0,0
"1271","TTCAATTAGCCATAAT-1",0,1,0,0,0,0,0,0,0
"1272","TTCACGAAAGGATCAC-1",0,1,0,0,0,0,0,0,0
"1273","TTCACTCGAGCACCTA-1",0.772019751010092,0,0,0.0637953982144706,0,0.164184850775438,0,0,0
"1274","TTCAGCTGGCGTGCCC-1",0.64366304108531,0.35633695891469,0,0,0,0,0,0,0
"1275","TTCAGTTTGTGGCAGC-1",0.502647544325069,0.49735245567493,0,0,0,0,0,0,0
"1276","TTCCGGCCTTGAGGCT-1",0.309869145840494,0.690130854159506,0,0,0,0,0,0,0
"1277","TTCCGGCTCGACTTCT-1",0.837288900353889,0,0,0.162711099646111,0,0,0,0,0
"1278","TTCCTCGAGGGTGTCT-1",0.873675051413311,0,0,0.126324948586689,0,0,0,0,0
"1279","TTCCTCGGACTAACCA-1",0,1,0,0,0,0,0,0,0
"1280","TTCGACAGAGCCCGTG-1",1,0,0,0,0,0,0,0,0
"1281","TTCGACGGGAAGGGCG-1",1,0,0,0,0,0,0,0,0
"1282","TTCGCACTCGCGTGCT-1",0.832002025819475,0,0,0.167997974180525,0,0,0,0,0
"1283","TTCGCGCGCCATACGA-1",0.918570071611368,0.00813221848578199,0,0.0732977099028497,0,0,0,0,0
"1284","TTCGGACTGATGCCTT-1",0.303774271979909,0.696225728020091,0,0,0,0,0,0,0
"1285","TTCGGGACTAATCGCG-1",1,0,0,0,0,0,0,0,0
"1286","TTCGTGGGCTGGAAGC-1",0,0.552623625912996,0,0.186187370422879,0.261189003664125,0,0,0,0
"1287","TTCTAACCGAAGCTTA-1",1,0,0,0,0,0,0,0,0
"1288","TTCTACCTCAATCGGT-1",0.595532343156371,0.404467656843629,0,0,0,0,0,0,0
"1289","TTCTACCTTTATGTTG-1",0,1,0,0,0,0,0,0,0
"1290","TTCTAGGCCAATTGTG-1",1,0,0,0,0,0,0,0,0
"1291","TTCTATGCCTTTCGCA-1",0.268187714355387,0.731812285644613,0,0,0,0,0,0,0
"1292","TTCTGACCGGGCTCAA-1",0.992642822495188,0.00735717750481218,0,0,0,0,0,0,0
"1293","TTCTGCCGCGCCTAGA-1",0,1,0,0,0,0,0,0,0
"1294","TTCTGCTAGACTCCAA-1",0.869310914270361,0,0,0.130689085729639,0,0,0,0,0
"1295","TTCTGTTTCCTGTCGC-1",0.586197438837761,0.413802561162239,0,0,0,0,0,0,0
"1296","TTCTTGTGTCCATCAG-1",0.678370126906181,0.321629873093819,0,0,0,0,0,0,0
"1297","TTGAGAAGTTTAGCAT-1",0.822311143124155,0,0,0.177688856875845,0,0,0,0,0
"1298","TTGAGGCATTTAACTC-1",0,1,0,0,0,0,0,0,0
"1299","TTGAGGGTCGAACGCG-1",0,0.249713255418728,0,0.12379549042539,0.626491254155882,0,0,0,0
"1300","TTGATAGTCAATACAT-1",0.610368986427114,0.389631013572885,0,0,0,0,0,0,0
"1301","TTGCCGGTGATCCCTC-1",0.889298828036236,0,0,0.110701171963764,0,0,0,0,0
"1302","TTGCCTAATCCAAAGT-1",0.23240134898615,0.76759865101385,0,0,0,0,0,0,0
"1303","TTGCCTTCTCGCCGGG-1",0,1,0,0,0,0,0,0,0
"1304","TTGCGCTTGATCAATA-1",0.539021364496345,0.460978635503655,1.17906914560349e-18,0,0,0,0,0,0
"1305","TTGCTGGCCGGGCTTC-1",0,1,0,0,0,0,0,0,0
"1306","TTGGACCTATAACAGT-1",0.489870342192364,0,0,0.510129657807636,0,0,0,0,0
"1307","TTGGATCGACTTCTGG-1",0,1,0,0,0,0,0,0,0
"1308","TTGGATTGGGTACCAC-1",1,0,0,0,0,0,0,0,0
"1309","TTGGCTCGCATGAGAC-1",0.218642888957044,0.781357111042956,0,0,0,0,0,0,0
"1310","TTGGGTTTATTCAGCG-1",0.430649834296243,0.569350165703756,0,0,0,0,0,0,0
"1311","TTGTAATCCGTACTCG-1",0.991117536582034,0.00888246341796642,0,0,0,0,0,0,0
"1312","TTGTATCACACAGAAT-1",0.915115184722783,0,0,0.084884815277217,0,0,0,0,0
"1313","TTGTGAACCTAATCCG-1",0.677404024090227,0,0,0.322595975909773,0,0,0,0,0
"1314","TTGTGGTATAGGTATG-1",0.247645127788234,0.752354872211766,0,0,0,0,0,0,0
"1315","TTGTGGTGGTACTAAG-1",0.802406007943193,0,0,0.197593992056807,0,0,0,0,0
"1316","TTGTGTATGCCACCAA-1",0.490731348688385,0.370990339895421,0,0.138278311416194,0,0,0,0,0
"1317","TTGTGTTTCCCGAAAG-1",0.238410934457682,0.761589065542318,0,0,0,0,0,0,0
"1318","TTGTTAGCAAATTCGA-1",0.37551770948221,0.62448229051779,0,0,0,0,0,0,0
"1319","TTGTTTCACATCCAGG-1",0.659319545887704,0.340680454112297,0,0,0,0,0,0,0
"1320","TTGTTTCATTAGTCTA-1",0.404372434193046,0,0.0784254081836139,0.517202157623341,0,0,0,0,0
