"","cell_ID","SMCs_Fibroblasts_Hybrids","SMCs_maintype","SMCs_subtype","Macrophages_and_MDSCs","Fibroblasts","Mast_cells","Endothelial_cells","NK_and_T_cells","B_cells"
"1","AAACCGGGTAGGTACC-1",0.92161458018948,0,0,0.0783572421076851,0,0,0,2.81777028351151e-05,0
"2","AAACCTCATGAAGTTG-1",0.462440898815069,0,0,0.453166933650861,0,0,0,0.0843921675340695,0
"3","AAACGAGACGGTTGAT-1",0.992098731969561,0.00790126803043898,0,0,0,0,0,0,0
"4","AAACTGCTGGCTCCAA-1",0.712016380798639,0.121991724656837,0,0.165991894544524,0,0,0,0,0
"5","AAAGACTGGGCGCTTT-1",1,0,0,0,0,0,0,0,0
"6","AAAGGGATGTAGCAAG-1",0.838700170671961,0,0,0.161299829328039,0,0,0,0,0
"7","AAAGGGCAGCTTGAAT-1",0.870101845871168,0,0,0.129898154128832,0,0,0,0,0
"8","AAAGTCGACCCTCAGT-1",1,0,0,0,0,0,0,0,0
"9","AAATACCTATAAGCAT-1",0.825443592045243,0,0,0.174556407954757,0,0,0,0,0
"10","AAATCGTGTACCACAA-1",0.888585443817977,0,0.0101912315660529,0.101223324615971,0,0,0,0,0
"11","AAATGCTCGTTACGTT-1",0.914801467268449,0.038353603810431,0,0.0468449289211199,0,0,0,0,0
"12","AAATTACCTATCGATG-1",0.925441437354931,0,0,0.0745585626450689,0,0,0,0,0
"13","AAATTTGCGGGTGTGG-1",0,1,0,0,0,0,0,0,0
"14","AACAATTACTCTACGC-1",0.097999661390264,0,0,0.902000338609736,0,0,0,0,0
"15","AACAGGAAATCGAATA-1",0.927947458261572,0,0,0.0720525417384276,0,0,0,0,0
"16","AACCAAGACTTCTCTG-1",0.385719151541218,0,0,0.499098514682043,0,0,0,0.115182333776739,0
"17","AACCCAGAGACGGAGA-1",1,0,0,0,0,0,0,0,0
"18","AACCGAGCTTGGTCAT-1",1,0,0,0,0,0,0,0,0
"19","AACGATATGTCAACTG-1",0.803357816724834,0,0,0.196642183275166,0,0,0,0,0
"20","AACGCGGTCTCCAGCC-1",0.908576198718037,0,0,0.0914238012819626,0,0,0,0,0
"21","AACGGCCATCTCCGGT-1",0.843924719886547,0.00501573978293214,0,0.0523442101208907,0,0,0,0.0987153302096297,0
"22","AACGTACTGTGGGTAC-1",0.712844638397043,0,0,0.287155361602957,0,0,-3.48895309975593e-21,0,0
"23","AACGTCAGACTAGTGG-1",0.761448930535529,0,0,0.148075654785873,0,0,0.0904754146785978,0,0
"24","AACGTTATCAGCACCT-1",1,0,0,0,0,0,0,0,0
"25","AACTCTCAATAGAGCG-1",0.653511287981149,0,0,0.346488712018851,0,0,0,0,0
"26","AACTGGGTCCCGACGT-1",0.558531949128791,0,0,0.206201083819319,0,0,0.23526696705189,0,0
"27","AACTTCTGCGTCTATC-1",0,0.863603140740596,0,0.136396859259404,0,0,0,0,0
"28","AACTTTACGGGAGCTT-1",0.456032410735514,0,0,0.197841545528721,0,0,0,0.346126043735765,0
"29","AAGAGGATGTACGCGA-1",0.450865256075864,0,0,0.549134743924136,0,0,0,0,0
"30","AAGAGGCATGGATCGC-1",1,0,0,0,0,0,0,0,0
"31","AAGATTGGCGGAACGT-1",0.968662050240711,0.0313379497592889,0,0,0,0,0,0,0
"32","AAGCATACTCTCCTGA-1",0.712121211152109,0,0,0.10398953273793,0,0,0.126168734886827,0.0577205212231343,0
"33","AAGGCGCGTAAAGCTT-1",0.809432902891957,0,0,0.190567097108043,0,0,0,0,0
"34","AAGGGACAGATTCTGT-1",0.930903880958322,0.00776156685425877,0,0.0613345521874188,0,0,0,0,0
"35","AAGTAGAAGACCGGGT-1",0.992553785810867,0.00744621418913347,0,0,0,0,0,0,0
"36","AAGTGACGACCGAATT-1",0.777798420681475,0,0,0.222201579318525,0,0,0,0,0
"37","AAGTTCGGCCAACAGG-1",0,0.797871562654402,0,0,0,0,0.202128437345598,0,0
"38","AATAACAACGCTCGGC-1",0.419432805289068,0,0,0.580567194710932,0,0,0,0,0
"39","AATATTGGAGTATTGA-1",0.341968978091724,0,0,0.467365519022299,0,0,0,0.190665502885977,0
"40","AATCCAAGGGCCTGAG-1",0.662614646016676,0,0,0.337385353983324,0,0,0,0,0
"41","AATCGCCTCAGCGCCA-1",0.86525488922742,0,0.13474511077258,0,0,0,0,0,0
"42","AATCTGCGTTGGGACG-1",0.578342880357041,0,0,0.349496458922078,0,0,0.072160660720881,0,0
"43","AATGACGTAGGATGTC-1",0.80258297108617,0,0,0.19741702891383,0,0,0,0,0
"44","AATGACTGTCAGCCGG-1",0.738714329109247,0,0,0.261285670890753,0,0,0,0,0
"45","AATGATGATACGCTAT-1",0,0,1,0,0,0,0,0,0
"46","AATGCAACCGGGTACC-1",0.845676557294027,0,0,0.0893046194287157,0,0,0.0650188232772569,0,0
"47","AATGGTCCACCGTTCA-1",0.487460153465009,0,0,0.512539846534991,0,0,0,0,0
"48","AATTAAAGGTCGGCGT-1",0.750691555782296,0,0,0.249308444217704,0,0,0,0,0
"49","AATTAGCGCTGCAGCG-1",0.878968350724212,0,0,0,0,0,0.121031649275788,0,0
"50","AATTCATAAGGGATCT-1",1,0,0,0,0,0,0,0,0
"51","AATTCTAGAGTTAGGC-1",0.374232548006831,0.00480345099027283,0,0,0,0,0.620964001002896,0,0
"52","ACAAATGGTAGTGTTT-1",0.191862407908182,0,0,0.808137592091818,0,0,0,0,0
"53","ACAACGGTCCCTGCGA-1",0.994458211554699,0.005541788445301,0,0,0,0,0,0,0
"54","ACAAGGAAATCCGCCC-1",0.592150145664892,0.30369168731067,0,0.104158167024438,0,0,0,0,0
"55","ACAAGGGCAGGCTCTG-1",0.721022585876162,0,0,0.278977414123839,0,0,0,0,0
"56","ACAATAGTCGTACGTT-1",0.944972473016097,0,0,0.0550275269839025,0,0,0,0,0
"57","ACAATCCATTTAAACC-1",0.450473515311314,0,0,0.416781527037806,0,0,0,0.13274495765088,0
"58","ACAATTTAGGAGGCTC-1",0,0.515117221188619,0.484882778811381,0,0,0,0,0,0
"59","ACAATTTGAGCAGTGG-1",0.779560613257269,0,0,0.139371781764815,0,0,0.0810676049779154,0,0
"60","ACACAAAGACGGGTGG-1",0.910042264078869,0,0,0.0899577359211313,0,0,0,0,0
"61","ACACACTTTCTACACG-1",0.898387134684873,0,0,0.101612865315127,0,0,0,0,0
"62","ACACCCAGCATGCAGC-1",0.854680120568363,0,0,0.145319879431637,0,0,0,0,0
"63","ACACCCGAGAAATCCG-1",0.993125770097652,0.00687422990234845,0,0,0,0,0,0,0
"64","ACACGGGAACTTAGGG-1",0.480806478504279,0.519193521495721,0,0,0,0,0,0,0
"65","ACATAATAAGGCGGTG-1",1,0,0,0,0,0,0,0,0
"66","ACATCAGCTGGGACGC-1",1,0,0,0,0,0,0,0,0
"67","ACATCGATCGTTTACC-1",0.805120655197304,0,0,0.194879344802696,0,0,0,0,0
"68","ACATCGGTCAGCCGCG-1",0,0,0,0.802886883460427,0.197113116539573,0,0,0,0
"69","ACATCGTATGCAATGG-1",0.187225491289607,0,0.492474070002362,0.21931912072264,0,0,0.100981317985391,0,0
"70","ACATTAGTTTATATCC-1",1,0,0,0,0,0,0,0,0
"71","ACCACGTGCAGCTATA-1",0.868769225943738,0,0,0.131230774056262,0,0,0,0,0
"72","ACCATCGTATATGGTA-1",0.919019849731978,0,0,0.0809801502680218,0,0,0,0,0
"73","ACCCAACGCCCGTGGC-1",0.907963268295825,0,0,0.0920367317041751,0,0,0,0,0
"74","ACCCACCTACATGCTC-1",0.293235899225126,0,0,0.706764100774874,0,0,0,0,0
"75","ACCCATCTTGAGGGTA-1",0.495782513107106,0,0,0.504217486892894,0,0,0,0,0
"76","ACCCGGTTACACTTCC-1",0.434488863869399,0,0,0.409801324813064,0.155709811317536,0,0,0,0
"77","ACCCTTCATCTGCGAA-1",0.710273758737243,0.152767252757013,0,0.136958988505744,0,0,0,0,0
"78","ACCGATGGTAGCATCG-1",0,0.323753467693287,0,0.345035068342495,0,0.19230187555431,0,0.138909588409908,0
"79","ACCGCAATAACTGCCT-1",0.699242011555472,0,0,0.300757988444527,0,0,0,0,0
"80","ACGAAATGGGCGGCAC-1",0.418266080170468,0,0,0.512901870143022,0,0,0.0688320496865099,0,0
"81","ACGATACATAGAACTA-1",0.627266745042269,0.153342585937922,0,0.219390669019809,0,0,0,0,0
"82","ACGATCATACATAGAG-1",1,0,0,0,0,0,0,0,0
"83","ACGCCGCTAGACGACC-1",0.798459859314494,0,0,0.201540140685506,0,0,0,0,0
"84","ACGCGAAGTCAGACGA-1",1,0,0,0,0,0,0,0,0
"85","ACGCGCTACACAGGGT-1",0.627872451349534,0,0,0.313150778033458,0,0,0.0589767706170089,0,0
"86","ACGCTGTGAGGCGTAG-1",0.732609085706231,0.0459416859527541,0,0.221449228341015,0,0,0,0,0
"87","ACGGAATTTAGCAAAT-1",0.95476946599452,0.0452305340054799,0,0,0,0,0,0,0
"88","ACGGCACTTGCTTGGG-1",0.418132651597353,0.396185244397107,0,0.18568210400554,0,0,0,0,0
"89","ACGGCGACGATGGGAA-1",1,0,0,0,0,0,0,0,0
"90","ACGTTAATGTCGAAGA-1",1,0,0,0,0,0,0,0,0
"91","ACGTTTAGTTGTGATC-1",0.538274572776574,0.109613028549207,0,0.213959702833566,0,0,0.138152695840653,0,0
"92","ACTCAATAAAGGCACG-1",0.88184180423085,0,0,0.0914111639318166,0,0,0.0267470318373333,0,0
"93","ACTCCCTAGAATAGTA-1",0.480652869567784,0,0,0.389119538837063,0,0,0.130227591595153,0,0
"94","ACTCGTCAGTAATCCC-1",0.648676554128648,0,0,0.259840893239182,0,0,0.0914825526321703,0,0
"95","ACTCTCTGACTTAGGT-1",1,0,0,0,0,0,0,0,0
"96","ACTGCCGTCGTAACTC-1",0.903281989961381,0.00732089463218488,0,0.0893971154064337,0,0,0,0,0
"97","ACTGTACGATACACAT-1",1,0,0,0,0,0,0,0,0
"98","ACTTAGTACGACAAGA-1",0.70808918996848,0.00796311410668791,0,0.237194424299548,0,0,0,0.0467532716252839,0
"99","ACTTATTAGGATCGGT-1",0.744068485856321,0,0,0.255931514143679,0,0,0,0,0
"100","ACTTCGCCATACGCAC-1",1,0,0,0,0,0,0,0,0
"101","ACTTGACTCCCTCTTT-1",0.980981456116345,0.0190185438836547,0,0,0,0,0,0,0
"102","ACTTTGACTGCATCCT-1",0.816922896793201,0,0.00451005716264398,0.178567046044155,0,0,0,0,0
"103","AGAACGTGGTACATTC-1",0.992427569817333,0.00757243018266712,0,0,0,0,0,0,0
"104","AGAAGAGCGCCGTTCC-1",0.769334264189379,0,0,0.0783867927932725,-9.99196477353008e-20,0,0.152278943017348,0,0
"105","AGAAGGTTGCCGAATT-1",0,0,0,0.464042390175837,0.535957609824163,0,0,0,0
"106","AGAATAAATCTTCAGG-1",0.624046682052085,0,0,0.148179946753763,0,0,0,0.227773371194152,0
"107","AGAATTGTTTGACATA-1",0,0.690736925769128,0,0.309263074230872,0,0,0,0,0
"108","AGACAGCTCAGAATCC-1",1,0,0,0,0,0,0,0,0
"109","AGACCCGCCCTCCTCG-1",0.570979171252925,0.147747801905647,0,0.122606558947865,0,0,0.158666467893564,0,0
"110","AGACCGGGAAACCCTG-1",1,0,0,0,0,0,0,0,0
"111","AGAGATCTCTAAAGCG-1",0.784645578039505,0,0,0.215354421960495,0,0,0,0,0
"112","AGAGCAGTTATGAGAC-1",0.496555062524866,0,0,0.20304152649159,0,0,0.130555450462713,0,0.169847960520831
"113","AGAGCGTACAAGCTCG-1",0.801205361566754,0,0,0.198794638433246,0,0,0,0,0
"114","AGATACCGGTGTTCAC-1",0.1019930517972,0,0,0.8980069482028,0,0,0,0,0
"115","AGATACGACTTCATAT-1",0.163780997911792,0.836219002088208,0,0,0,0,0,0,0
"116","AGATCTCAGGTGTGAT-1",0.991761426275333,0.00823857372466717,0,0,0,0,0,0,0
"117","AGATGACTCGCCCACG-1",0.649438802618699,0,0,0.350561197381301,0,0,0,0,0
"118","AGCACTACCGGCCTGT-1",0.335675127763928,0,0,0.561858393630491,0,0,0,0.102466478605581,0
"119","AGCATCGTCGATAATT-1",0.901779451667295,0,0,0.0982205483327049,0,0,0,0,0
"120","AGCCACTCCCGTGCTT-1",0.835527328988064,0,0,0.164472671011936,0,0,0,0,0
"121","AGCCCATACATGTAAG-1",0.832576077331912,0,0,0.167423922668088,0,0,0,0,0
"122","AGCCCTAAGCGAAGTT-1",0.993961841212268,0.00603815878773176,0,0,0,0,0,0,0
"123","AGCCTTAAAGCGGAAG-1",0,0.805513029103008,0,0.194486970896992,0,0,0,0,0
"124","AGCGACCAACGATATT-1",0.83024728647184,0,0,0.16975271352816,0,0,0,0,0
"125","AGCGCGGGTGCCAATG-1",1,0,0,0,0,0,0,0,0
"126","AGCGTGGTATTCTACT-1",0.719047336402843,0,0,0.280952663597157,0,0,0,0,0
"127","AGCTATTTAATCCAAC-1",0.662570240182979,0.263830211490644,0,0,0,0,0.0735995483263772,0,0
"128","AGCTCTAGACGTTCCA-1",1,0,0,0,0,0,0,0,0
"129","AGCTCTTTACTCAGTT-1",0.750939917407721,0,0,0.249060082592278,0,0,0,0,0
"130","AGCTGAAGTAAACCAA-1",1,0,0,0,0,0,0,0,0
"131","AGCTTGATCTTAACTT-1",0,0,0,0.753292404176345,0.145148028404749,0,0.101559567418906,0,0
"132","AGGACAGTCGAATCCC-1",1,0,0,0,0,0,0,0,0
"133","AGGACGACCCATTAGA-1",0.493814488946222,0,0,0.506185511053778,0,0,0,0,0
"134","AGGATAAAGTCGGGAT-1",0.892042873248236,0,0,0.107957126751764,0,0,0,0,0
"135","AGGCCCTAGAACGCCA-1",0,0,0,0.558946238378621,0.394109586878752,0,0,0.0469441747426266,0
"136","AGGCTATGGTTAGCTT-1",0.623563614355705,0,0,0.326445585664759,0,0,0.0499907999795367,0,0
"137","AGGGCGAGCAGCTGAT-1",0.792130564311358,0.0112739159791661,0,0.196595519709476,0,0,0,0,0
"138","AGGGTGCTCTCGAGGG-1",0.217066274177589,0,0,0.492072864075399,0,0,0,0.290860861747011,0
"139","AGGGTTCCCTTTGGTT-1",0.502443005061163,0,0.113551773124971,0.227662782679131,0,0,0.156342439134734,0,0
"140","AGGTAACCTCCTATTC-1",0.493278375880347,0,0,0.305815511512188,0.200906112607465,0,0,0,0
"141","AGGTGTATCGCCATGA-1",0.55916332722128,0,0,0.44083667277872,0,0,0,0,0
"142","AGGTTGAGGCACGCTT-1",0.609952665287889,0,0,0.0972447976425927,0,0,0.292802537069518,0,0
"143","AGGTTTCACACACCTT-1",0.679865651499622,0.201627987238563,0,0.118506361261815,0,0,0,0,0
"144","AGTACGGCCCGTATCG-1",1,0,0,0,0,0,0,0,0
"145","AGTACGGGCACCTGGC-1",0.87418135816569,0,0,0.12581864183431,0,0,0,0,0
"146","AGTAGGTAACATACAT-1",0.708613389284564,0.287674846589084,0,0,0,0,0,0.003711764126352,0
"147","AGTATAATACTAGGCA-1",0.682948845876924,0,0,0.317051154123076,0,0,0,0,0
"148","AGTCAACACCACCATC-1",0.405048828557695,0,0,0.594951171442305,0,0,0,0,0
"149","AGTCAGCCACCGCCTG-1",0.931519185526339,0,0,0,0,0,0.0684808144736608,0,0
"150","AGTCTGGACATCCTTG-1",0.593312940360483,0.124259075674212,0,0.282427983965305,0,0,0,0,0
"151","AGTCTTCTCCTCAAAT-1",0.883822345062434,0,0,0.116177654937566,0,0,0,0,0
"152","AGTGACCTACTTTACG-1",0,0.974049795568808,0,0,0,0,0,0.0259502044311924,0
"153","AGTGATTCAAGCAGGA-1",0.75375163351094,0,0,0.24624836648906,0,0,0,0,0
"154","AGTGCGTAGCTCGTAA-1",0.832944722326631,0,0,0.167055277673369,0,0,0,0,0
"155","AGTGGCGGCAATTTGA-1",0.681344536371581,0.220580952264231,0,0.0980745113641876,0,0,0,0,0
"156","AGTGGCTCCGTCGGCC-1",0.74147519737966,0,0,0.213604154121329,0,0,0,0.0449206484990103,0
"157","AGTTAAACACTTGCGA-1",0,0,0,0.844501269070384,0.155498730929616,0,0,0,0
"158","AGTTACCCTTAAGACT-1",0.885224240265559,0,0,0.114251588451462,0,0,0.000524171282978516,0,0
"159","AGTTCCTATTTATGTT-1",0.151306933773218,0,0,0.848693066226782,0,0,0,0,0
"160","AGTTTGGCCAGACCTA-1",0.581408659317248,0,0,0.418591340682752,0,0,0,0,0
"161","ATAAACGGACCCGTAA-1",0.484201349457106,0.232883451655469,0,0.282915198887426,0,0,0,0,0
"162","ATAAATATTAGCAGCT-1",0.376572713048503,0,0,0.623427286951497,0,0,0,0,0
"163","ATAACGCCGGAGGGTC-1",1,0,0,0,0,0,0,0,0
"164","ATAACGGAGTCCAACG-1",0.812529572021527,0,0,0,0,0,0.187470427978473,0,0
"165","ATAAGGTGGAGAACAT-1",0.656148165473157,0,0,0.343851834526843,0,0,0,0,0
"166","ATAAGTTACCGCGACG-1",0.65895523396601,0,0,0.34104476603399,0,0,0,0,0
"167","ATAATAGCTGTTGAAT-1",0.690510912625124,0,0,0.309489087374876,0,0,0,0,0
"168","ATACCACGGGCAACTT-1",0.241162896037416,0,0,0.626183164310915,0,0,0,0.132653939651669,0
"169","ATACGCCGGCGAAACC-1",1,0,0,0,0,0,0,0,0
"170","ATACGGGTTTCGATTG-1",0.561356445996087,0.261150775787381,0,0.104126626379295,0,0,0.073366151837238,0,0
"171","ATACTAGCATGACCCT-1",0.734108720617948,0,0,0.174288964383282,0,0,0.0916023149987705,0,0
"172","ATAGACAACGGGACCT-1",1,0,0,0,0,0,0,0,0
"173","ATAGAGTACTGGGACA-1",0.848545057356435,0,0,0.151454942643565,0,0,0,0,0
"174","ATAGAGTTATCAACTT-1",0.716045913797173,0,0,0,0,0,0.283954086202827,0,0
"175","ATAGGCGGCTATAGAA-1",0.848097066649375,0.0054898363244733,0,0.146413097026152,0,0,0,0,0
"176","ATAGGGATATCCTTGA-1",0.613129175259362,0,0,0.15169279132359,0,0,0.235178033417049,0,0
"177","ATAGTGAAGCGTTCTC-1",0.65383651302963,0,0,0.346163486970371,0,0,0,0,0
"178","ATATTCAGTTAAACCT-1",0.887167962789089,0,0,0.112832037210911,0,0,0,0,0
"179","ATATTCCACATAGTGA-1",1,0,0,0,0,0,0,0,0
"180","ATCACATTAGAATATC-1",0.919078715276157,0,0,0.0809212847238425,0,0,0,0,0
"181","ATCACGTGCTAATTAA-1",0.678383325214373,0,0,0.321616674785627,0,0,0,0,0
"182","ATCACTTCATCCTCGC-1",0.70211796455822,0,0,0.29788203544178,0,0,0,0,0
"183","ATCAGACGGCACGCCG-1",0.834233035221445,0.00490735374859228,0,0.160859611029963,0,0,0,0,0
"184","ATCAGTAGGCAGGGAT-1",0.872686892118694,0,0,0.127313107881306,0,0,0,0,0
"185","ATCATCCAATATTTGT-1",0.909534722844657,0,0,0.0904652771553428,0,0,0,0,0
"186","ATCCAATGGAGGGTCC-1",0.922365381215381,0,0,0.0776346187846185,0,0,0,0,0
"187","ATCCAGAGCAACAACC-1",0.983753598817016,0.0162464011829842,0,0,0,0,0,0,0
"188","ATCCAGGATTCGTGAA-1",0.689723157452554,0,0,0.169332750560945,0.140944091986501,0,0,0,0
"189","ATCCTACCTAAGCTCT-1",0.711585781492443,0,0,0.288414218507557,0,0,0,0,0
"190","ATCCTGAATCGCTGCG-1",0.326307874211257,0,0,0.673692125788743,0,0,0,0,0
"191","ATCGACCCAATACAGA-1",0.650745255530651,0,0,0.349254744469349,0,0,0,0,0
"192","ATCGACTCTTTCCGTT-1",0.884664694474544,0,0,0.115335305525456,0,0,0,0,0
"193","ATCGCACGCCGGGAGA-1",0.899296464927116,0,0,0.100703535072884,0,0,0,0,0
"194","ATCGGAGACAGACGGC-1",0,0.812513497178943,0,0.187486502821057,0,0,0,0,0
"195","ATCGGTTACCTAGTAA-1",0.806908205363642,0.102010732719281,0,0.0910810619170772,0,0,0,0,0
"196","ATCTCCCTGCAATCTA-1",0.721930654075145,0,0,0.278069345924855,0,0,0,0,0
"197","ATCTGGTTAAGACTGT-1",1,0,0,0,0,0,0,0,0
"198","ATGAAGCCAAGGAGCC-1",0.839410420479133,0,0,0.160589579520867,0,0,0,0,0
"199","ATGAGGAGTGTTAATC-1",0.840151191827065,0,0,0.159848808172935,0,0,0,0,0
"200","ATGATGCAATGGTACA-1",0.99569766698112,0,0,0,0.00430233301888007,0,0,0,0
"201","ATGCATGATCCAGGAT-1",0.909936239698121,0,0,0.0900637603018791,0,0,0,0,0
"202","ATGCCGGTTGATGGGA-1",0.872017818051676,0.00748009899213011,0,0.120502082956194,0,0,0,0,0
"203","ATGGATCCGGCGTCCG-1",1,0,0,0,0,0,0,0,0
"204","ATGGCAGCCGAGAAAC-1",0,0,0,0.296698882599515,0.482721016508584,0,0.220580100891901,0,0
"205","ATGTGCATCCGACGCA-1",0.746663574279054,0,0,0.253336425720946,0,0,0,0,0
"206","ATGTGGACATCTTGAT-1",0.763325687377983,0,0,0.236674312622016,0,0,0,0,0
"207","ATGTTACGAGCAATAC-1",0.000995610224857117,0.718904216534831,0,0.280100173240312,0,0,0,0,0
"208","ATGTTCGTCGACCCAC-1",1,0,0,0,0,0,0,0,0
"209","ATTAAACATGCGGACC-1",1,0,0,0,0,0,0,0,0
"210","ATTAATACTACGCGGG-1",0,0.995942722902257,0.00405727709774332,0,0,0,0,0,0
"211","ATTAATGAACCAGTCG-1",0.586515865000153,0,0,0.413484134999847,0,0,0,0,0
"212","ATTAATTCGGTCACTC-1",0.847144199058532,0.0707141921336803,0,0.0821416088077873,0,0,0,0,0
"213","ATTACGCGCTGGCAGG-1",0.52831559975055,0,0,0.471684400249451,0,0,0,0,0
"214","ATTAGATTGATAGCGG-1",0.992755017200552,0.00724498279944835,0,0,0,0,0,0,0
"215","ATTATACTTTGCTCGT-1",0.89751752234573,0,0,0.10248247765427,0,0,0,0,0
"216","ATTATGCCATAGGGAG-1",0.577825921980612,0,0,0.115417861312202,0,0,0.306756216707186,0,0
"217","ATTCAGTAGCAGGGTC-1",0.0957070199828096,0,0,0.8019309061819,0,0,0,0.10236207383529,0
"218","ATTCATATACTGTCCA-1",0.203166717422537,0,0.183635570162211,0.144985902832033,0,0.468211809583219,0,0,0
"219","ATTCCCACATAAACAA-1",0.393562903234416,0,0,0.53792735661906,0,0,0,0.0685097401465237,0
"220","ATTCCTCCGCCAGTGC-1",0.893852880000543,0,0,0.106147119999457,0,0,0,0,0
"221","ATTCGACGCCGGGCCT-1",0.491053196743211,0,0,0.403270996041287,0,0,0,0.105675807215502,0
"222","ATTTAACTCGTATTAC-1",0,1,0,0,0,0,0,0,0
"223","ATTTGTCTTGGGAGCT-1",0.681133163824083,0,0,0,0,0,0.318866836175917,0,0
"224","ATTTGTTCCAGGGCTC-1",0.732784645377655,0,0,0.267215354622345,0,0,0,0,0
"225","CAAACGAGTATCGCAG-1",0.557696597564142,0,0.316791355083191,0.125512047352668,0,0,0,0,0
"226","CAAATCTCTCACAAGG-1",0.68587066893178,0,0,0.31412933106822,0,0,0,0,0
"227","CAAATGTCCTTCCGTG-1",0,0,0,0.423915143007846,0.190257389304765,0.283532019552719,0.102295448134671,0,0
"228","CAAATTGTCAGCAAGC-1",0.69298270497093,0,0,0.13925294210539,0,0,0,0.16776435292368,0
"229","CAACGACCCGTTTACA-1",0.892285386622474,0.00590248991829327,0,0.101812123459232,0,0,0,0,0
"230","CAAGAGGGCGGAGTAC-1",0.474659552794323,0,0,0.395116311487197,0.13022413571848,0,0,0,0
"231","CAAGCACCAAATGCCT-1",0.653012679948565,0.346987320051435,0,0,0,0,0,0,0
"232","CAAGGATCGCATGTTC-1",0.921289013212487,0,0,0.0787109867875134,0,0,0,0,0
"233","CAATAAACCTTGGCCC-1",0.793861687099023,0,0,0.109636734299276,0,0,0.0965015786017006,0,0
"234","CAATGGATCTCTACCA-1",1,0,0,0,0,0,0,0,0
"235","CACAATGAGCTGCTAT-1",0.742664007309433,0,0,0.251650719068356,0,0,0.00568527362221134,0,0
"236","CACACAGGGATAGATT-1",0.363578703221815,0,0,0.636421296778185,0,0,0,0,0
"237","CACACGCGCTGTCTTA-1",0.867725164985044,0,0,0.132274835014956,0,0,0,0,0
"238","CACAGCTAGGGAGTGA-1",0.552945117777607,0,0,0.293805049288663,0,0.153249832933731,0,0,0
"239","CACATATTAGCAGGAT-1",0.870796645467849,0.0131697375101876,0,0.116033617021963,0,0,0,0,0
"240","CACCCACGAGGCAATT-1",1,0,0,0,0,0,0,0,0
"241","CACCTAATAGAGTCGT-1",0.846699624387772,0,0,0.0552957735961376,0,0,0,0.0980046020160903,0
"242","CACCTAATCAGTTTAC-1",0.569244832578146,0,0,0.383225707773225,0,0,0.0475294596486298,0,0
"243","CACCTCGATGGTGGAC-1",0.830469706527485,0,0,0.169530293472515,0,0,0,0,0
"244","CACCTTGCGAAACTCG-1",0.771881455863434,0,0,0.135801614336801,0,0,0.0923169297997647,0,0
"245","CACGCACAGCGCAGCT-1",0.820683028269651,0,0,0.179316971730349,0,0,0,0,0
"246","CACGTTCGTGCTCTAG-1",0.997066069121141,0.00293393087885851,0,0,0,0,0,0,0
"247","CACTCAAGAGCTATGG-1",0.65315546433223,0.257474065550244,0,0.0893704701175263,0,0,0,0,0
"248","CACTCGAGCTGAACAA-1",0,0,0,0.419779717460355,0.580220282539645,0,0,0,0
"249","CACTCGGTTAGGAGGA-1",0.991286525684445,0.0087134743155548,0,0,0,0,0,0,0
"250","CACTGTCCAAGTGAGA-1",1,0,0,0,0,0,0,0,0
"251","CACTTCGCCACAGGCT-1",0.683951527303069,0.316048472696931,0,0,0,0,0,0,0
"252","CAGACGAACCTGATAC-1",0.908103856792646,0,0,0.091896143207354,0,0,0,0,0
"253","CAGAGACGGTCACCCA-1",1,0,0,0,0,0,0,0,0
"254","CAGAGCATGAGCTTGC-1",0.803056008218857,0,0,0.0946529764699164,0,0,0.102291015311227,0,0
"255","CAGCCTCCTGCAGAGG-1",0.75479958156695,0,0,0.134149426304491,0,0,0,0.111050992128559,0
"256","CAGCTCGTGCTTGTGT-1",0.687001589374714,0.21853665204681,0,0,0,0,0.0735384096183302,0.0209233489601462,0
"257","CAGGATATATCGTTGT-1",0.739673776889721,0,0,0.260326223110279,0,0,0,0,0
"258","CAGGCGCCATGCTAGG-1",0.92784804762798,0.00267965411261969,0,0.0694722982594006,0,0,0,0,0
"259","CAGTAGCCCACGCGGT-1",1,0,0,0,0,0,0,0,0
"260","CAGTCTGTATACTGGG-1",1,0,0,0,0,0,0,0,0
"261","CAGTGAATAAATGACT-1",0,0.611884589538539,0,0,0,0,0.304161475918647,0.0839539345428145,0
"262","CAGTGTCCGCAGAATG-1",0.820762313091909,0,0,0,0,0.179237686908091,0,0,0
"263","CAGTTCCGCGGGTCGA-1",0.382724946280504,0,0,0.460649037159244,0,0,0.0752507792399952,0.081375237320256,0
"264","CATAAGCTCTCCGTCT-1",0,0.563107282079798,0.141055166751945,0,0,0.00379652522108903,0.292041025947168,0,0
"265","CATACCCGTACCCAGT-1",0.464952862327225,0,0,0.440099601582337,0,0,0,0.0949475360904373,0
"266","CATACGGCGTCTGGGC-1",0,0.803948262702345,0,0,0,0,0,0.196051737297655,0
"267","CATAGCCGCCCGGGAT-1",0.603476049679122,0,0,0.396523950320878,0,0,0,0,0
"268","CATAGTAGCATAGTAG-1",1,0,0,0,0,0,0,0,0
"269","CATAGTCCACAAGAAC-1",0.728733558210787,0,0,0.271266441789213,0,0,0,0,0
"270","CATATAGGTACAGTCA-1",0,0,0,0.474229660812605,0.310177994249985,0,0.21559234493741,0,0
"271","CATCGCCCGCGGCCAA-1",0.83246395545451,0,0,0.0572378813307865,0,0,0.110298163214703,0,0
"272","CATCGGACGGGTTAAT-1",0.869573115653046,0,0,0.130426884346954,0,0,0,0,0
"273","CATCGTCCGGTTACTA-1",0.888472473860513,0,0,0.0478906139648846,0,0,0,0.0636369121746022,0
"274","CATCTGCAGGATCATT-1",0.927278161048818,0,0,0.0727218389511821,0,0,0,0,0
"275","CATGATGCACAATTCT-1",0.741598484154573,0,0,0.140073425171011,0,0,0.118328090674416,0,0
"276","CATGCCAACTCGCAAA-1",0.919680822134402,0,0,0.080319177865598,0,0,0,0,0
"277","CATGCGTTAGACAGAA-1",0.710072092350029,0.00838969266553409,0,0.281538214984437,0,0,0,0,0
"278","CATGGGTCGGGTGTGG-1",0.952244524112919,0.0477554758870812,0,0,0,0,0,0,0
"279","CATGGTAAGTAGCGTT-1",0.474604873842285,0,0,0.233829573959926,0,0,0.291565552197788,0,0
"280","CATGGTCTAGATACCG-1",0.935752521146344,0,0,0,0,0,0.0642474788536557,0,0
"281","CATTACGTCGGCCCGT-1",0.852658602900552,0.00734352014521074,0,0.139997876954238,0,0,0,0,0
"282","CATTTAGCGGACCATG-1",0.879102418209476,0,0,0.120897581790525,0,0,0,0,0
"283","CATTTCTAGCAGACTA-1",0,0.804674488234343,0,0.195325511765657,0,0,0,0,0
"284","CATTTGAGTGGTACGT-1",0.646388150111236,0,0,0.0849001467357197,0.132868826919534,0,0.13584287623351,0,0
"285","CCAAACAGAACCCTCG-1",0.552508283862048,0,0,0.338010513303938,0,0.109481202834014,0,0,0
"286","CCAAGAAAGTGGGCGA-1",0.679241330004118,0,0,0.227519447503423,0,0,0.093239222492459,0,0
"287","CCAAGACTTCTGCGAA-1",0.691343174409205,0,0,0.308656825590795,0,0,0,0,0
"288","CCAAGGAACAGAGAGG-1",1,0,0,0,0,0,0,0,0
"289","CCAATTGAATGTTAAT-1",0.992972341841098,0.0070276581589021,0,0,0,0,0,0,0
"290","CCACAATGTACGTCTT-1",1,0,0,0,0,0,0,0,0
"291","CCACACTGAGATATTA-1",0.921733110858965,0,0,0.078266889141035,0,0,0,0,0
"292","CCACGAGAAGAGAATC-1",0.27749987953171,0.525388203014076,0,0.109714696061723,0,0,0.0873972213924913,0,0
"293","CCACTGGTGGCTGGTT-1",0,0,0,1,0,0,0,0,0
"294","CCAGAGACAAAGCCGG-1",0.993493710250731,0.00650628974926892,0,0,0,0,0,0,0
"295","CCAGATAGTTGAGTGA-1",0.878312439951878,0,0,0.0473328069753753,0,0,0.0743547530727467,0,0
"296","CCAGCTGATGGTACTT-1",0.270061989557885,0,0,0.729938010442115,0,0,0,0,0
"297","CCAGCTTCCGCCCGCA-1",0.59477977265958,0,0,0.40522022734042,0,0,0,0,0
"298","CCAGTAGTCTGATCCA-1",0,0.99102721188051,0,0,0,0,0,0,0.00897278811948977
"299","CCAGTCTAGACGGCGC-1",0.885799095600141,0,0,0.114200904399859,0,0,0,0,0
"300","CCATAGGTTGGCGTGG-1",0.992663100316545,0.00733689968345535,0,0,0,0,0,0,0
"301","CCATCCATACCAAGTC-1",0.794393346049893,0,0,0.102499793827498,0.103106860122609,0,0,0,0
"302","CCATGCTCTGCAGGAA-1",0.697675780501763,0,0,0.302324219498237,0,0,0,0,0
"303","CCATGGCCCTTGTACC-1",0.344708295558879,0,0,0.655291704441122,0,0,0,0,0
"304","CCCAAACATGCTGCTC-1",0.831793913074295,0,0.00519303047478469,0.16301305645092,0,0,0,0,0
"305","CCCAACATACGTCGCG-1",0.922028939499091,0,0,0,0,0,0,0.0779710605009093,0
"306","CCCAGTTAAGGCGCCG-1",0.815065149926423,0,0,0.183524806238634,0.00141004383494305,0,0,0,0
"307","CCCGACCATAGTCCGC-1",0.762315390223509,0,0,0.237684609776491,0,0,0,0,0
"308","CCCGCCATGCTCCCGT-1",0.993678166732487,0.00632183326751254,0,0,0,0,0,0,0
"309","CCCGGTGGAAGAACCT-1",1,0,0,0,0,0,0,0,0
"310","CCCGTAAGTCTAGGCC-1",0.547449045706208,0,0,0.452550954293792,0,0,0,0,0
"311","CCCGTCAGCGTCTGAC-1",0.615896458016534,0.146243756736221,0,0.237859785247245,0,0,0,0,0
"312","CCCTGACTAACAAATT-1",0.851851251401683,0.0692326398858136,0,0.0789161087125037,0,0,0,0,0
"313","CCCTGCCCAATCCGCT-1",0.74035971410489,0,0,0.25964028589511,0,0,0,0,0
"314","CCCTGCGCTACGCATA-1",0.338135409225329,0,0,0.63982224240327,0,0,0.0220423483714007,0,0
"315","CCCTTTGACAGGTCTT-1",0.839062454009002,0,0,0.160937545990998,0,0,0,0,0
"316","CCGAAAGTGGTGAGCA-1",0.994031782090722,0.00596821790927795,0,0,0,0,0,0,0
"317","CCGAACACTGGGCCTC-1",0.26045755124187,0.369290127647022,0,0.174818443273099,0,0,0,0,0.195433877838009
"318","CCGAACCTTCCCGGCC-1",0.802901555909751,0,0,0.197098444090249,0,0,0,0,0
"319","CCGACAAAGGGAGTGC-1",0.327818598608085,0.160798715981432,0,0.390688212346196,0,0,0,0.120694473064287,0
"320","CCGATTCGAGGGACCC-1",0.251272394085988,0,0,0.748727605914012,0,0,0,0,0
"321","CCGCACGTGACCTCGG-1",0.181548998639202,0,0,0.681146874347729,0,0,0,0.137304127013069,0
"322","CCGCCGGTCAACACAC-1",0,0.910884161161171,0,0.089115838838829,0,0,0,0,0
"323","CCGCGTAGGTAAGGGC-1",0.733900263989254,0,0,0.256486433246494,0.00961330276425153,0,0,0,0
"324","CCGCTATCAGCACCAG-1",0.440743943687938,0,0,0.559256056312062,0,0,0,0,0
"325","CCGCTTACCTCACTCT-1",0.799285714831238,0,0,0.200714285168762,0,0,0,0,0
"326","CCGGAATGGTTTCAGT-1",0.783431137325677,0,0,0.216568862674323,0,0,0,0,0
"327","CCGGCGCATATTGGAT-1",0,0.545085094769713,0,0,0,0,0.454914905230287,0,0
"328","CCGGGCTGCTCCATAC-1",0.922054865678205,0,0,0,0,0,0.0779451343217949,0,0
"329","CCGGGTTCGAGGTTAC-1",0.63142969747452,0,0,0.30627633066279,0,0,0,0.0622939718626902,0
"330","CCGTGTTAAATTCCAT-1",0.669878331793782,0,0,0.330121668206218,0,0,0,0,0
"331","CCGTTCCGAATCTCGG-1",0.191476655193373,0,0,0.808523344806627,0,0,0,0,0
"332","CCTAAATTAACGGTTC-1",0.935793011147572,0,0,0.0642069888524277,0,0,0,0,0
"333","CCTACGGCTCAGTCGA-1",0.914210233747483,-5.22497296939119e-18,0,0.0857897662525169,0,0,0,0,0
"334","CCTATCTATATCGGAA-1",1,0,0,0,0,0,0,0,0
"335","CCTCACCTTAGCATCG-1",0,0.788175067611453,0,0.211824932388548,0,0,0,0,0
"336","CCTCGAAGTGGACGGG-1",0.489013035927893,0.00106408790702793,0,0,0.509922876165079,0,0,0,0
"337","CCTCGCCAGCAAATTA-1",0.873576834449767,0.00528898199045732,0,0.121134183559776,0,0,0,0,0
"338","CCTCGGACCGGGATAG-1",0.584876796533182,0,0,0.415123203466817,0,0,0,0,0
"339","CCTCTAATCTGCCAAG-1",0.745307912657424,0,0,0.105706884708083,0,0,0.148985202634493,0,0
"340","CCTCTGGCCTAGACGG-1",1,0,0,0,0,0,0,0,0
"341","CCTCTGTACTATTCTA-1",0,0.779690454902444,0,0,0,0,0.220309545097556,0,0
"342","CCTGAACGATATATTC-1",0.830429628636043,0,0,0.115887470359936,0,0,0.0536829010040204,0,0
"343","CCTGAATATTTACATA-1",0.678020779025841,0,0,0.0990813933184312,0,0,0.222897827655728,0,0
"344","CCTGACCACCGATGGT-1",0.555055495899393,0,0,0.260419108207787,0.184525395892819,0,0,0,0
"345","CCTGCCCGTTGTCTAG-1",0.741987541458555,0,0,0.258012458541445,0,0,0,0,0
"346","CCTGCGTTCTACGCTT-1",1,0,0,0,0,0,0,0,0
"347","CCTGTACTCACGCCCA-1",0.381255365154713,0,0,0.618744634845287,0,0,0,0,0
"348","CCTTCTTGATCCAGTG-1",0.714082805710302,0,0,0.285917194289698,0,0,0,0,0
"349","CCTTTCAATGAAGAAA-1",0.961600119362846,0,0,0.0383998806371538,0,0,0,0,0
"350","CGAAACGCAATTCATG-1",0.693330643036598,0,0,0.306669356963402,0,0,0,0,0
"351","CGAACCCGCATGCGTC-1",0,1,0,0,0,0,0,0,0
"352","CGAACGCCCAGTGCCG-1",0,0.664333400231695,0.335666599768305,0,0,0,0,0,0
"353","CGACTCAGGATGTTAT-1",0.856079376284424,0.143920623715576,0,0,0,0,0,0,0
"354","CGAGACCCTAGAGTGT-1",0.961420556000944,0,0,0.038579443999056,0,0,0,0,0
"355","CGAGAGATGTGAACCT-1",0.691618799811623,0,0,0,0,0,0.308381200188377,0,0
"356","CGAGCACTTCAAGTTT-1",0.992791035745373,0.00720896425462739,0,0,0,0,0,0,0
"357","CGAGGGACTGCGGTCG-1",0.930907913685805,0,0,0.0690920863141947,0,0,0,0,0
"358","CGATACCTCGCGGACA-1",0.483855721163634,0.0886503957240008,0,0.127962689576947,0.101064133779601,0,0.198467059755817,0,0
"359","CGATCCGACCCAGTGC-1",0.728280248885531,0,0,0.271719751114469,0,0,0,0,0
"360","CGCAATTACTTTCGGT-1",0.860992184450678,0,0,0.139007815549322,0,0,0,0,0
"361","CGCAATTCTACAATAA-1",0.32506618484539,0,0,0.568007046856551,0,0,0.106926768298059,0,0
"362","CGCACATGTCCACTAC-1",0.999905557923637,0,0,0,0,0,0,9.44420763627889e-05,0
"363","CGCATGGTGCGATGCT-1",0.952930571438741,0,0,0,0,5.70723844858911e-05,0,0.047012356176773,0
"364","CGCCAAGAAGCCGAGT-1",0.772650158258109,0,0,0.227349841741891,0,0,0,0,0
"365","CGCCATCCGATTATGA-1",0.838254690060187,0,0,0.161745309939813,0,0,0,0,0
"366","CGCCCGCTTCCGTACA-1",0.993904574419304,0,0,0,0,0,0,0,0.00609542558069637
"367","CGCCCTTGAAGGCTGA-1",1,0,0,0,0,0,0,0,0
"368","CGCCGCCCATGCCTGT-1",0.870265529627343,0,0,0.129734470372657,0,0,0,0,0
"369","CGCCTCCCTCCTCTAT-1",0.81408846997704,0,0,0.10105803088067,0,0,0,0.0848534991422901,0
"370","CGCCTGGCCTACGTAA-1",0.758939011394529,0,0,0.241060988605471,0,0,0,0,0
"371","CGCGACACTGCGCAGC-1",0.220635368555004,0,0,0.228866661935674,0,0,0.550497969509322,0,0
"372","CGCGCATGTTTGATTG-1",0.78676446120963,0,0,0.21323553879037,0,0,0,0,0
"373","CGCGCCCGACTTAATA-1",0.841482731706072,0,0,0.0627154842522847,0,0,0.0958017840416428,0,0
"374","CGCGGGAATTAGGCAG-1",0.876280167365747,0.0134213120679403,0,0.110298520566313,0,0,0,0,0
"375","CGCTACGGGACATTTA-1",0.379048022625962,0.0105725706018972,0,0.50824385413521,0,0,0,0.102135552636931,0
"376","CGCTATACCGCCCACT-1",0,0.73328793137565,0,0,0,0,0.26671206862435,0,0
"377","CGCTATTCTTAGGCTC-1",0.481769202925151,0,0,0.286670264129182,0,0,0.0732689637308322,0.158291569214835,0
"378","CGCTCGACATAATGAT-1",0.769188568862969,0,0,0.230811431137031,0,0,0,0,0
"379","CGCTGTGACGCCGCAC-1",0.834868228693776,0,0,0.165131771306224,0,0,0,0,0
"380","CGCTTATTCCCGGTCG-1",1,0,0,0,0,0,0,0,0
"381","CGCTTTCATACCGGTG-1",0.999160943918966,0.000839056081033835,0,0,0,0,0,0,0
"382","CGCTTTCTTGCATTCG-1",0.84506211474947,0,0,0.0590403728605142,0,0.0958975123900161,0,0,0
"383","CGGAGCATGGCGATCC-1",0.718663939877958,0,0,0.281336060122042,0,0,0,0,0
"384","CGGATAAGCGGACATG-1",0.98722550908723,0.0111119869410236,0,0.00166250397174599,0,0,0,0,0
"385","CGGCAAACATCGTGCG-1",0.977006772643405,0.0229932273565955,0,0,0,0,0,0,0
"386","CGGGAATTTATGTAAA-1",0,0,0.566930025817484,0.184702256459823,0.226420051172196,0,0,0.0219476665504978,0
"387","CGGGAGTATACCGCCG-1",0.699266829570617,0,0,0,0,0,0.300733170429383,0,0
"388","CGGGATCAATGTAAGA-1",0.86979062245948,0,0,0.13020937754052,0,0,0,0,0
"389","CGGGCCTTCTTTGTAA-1",0,0,0,0.621399453555259,0.378600546444741,0,0,0,0
"390","CGGGTGTACCCATTTA-1",0.791841021661267,0,0,0.208158978338733,0,0,0,0,0
"391","CGGTACTAGAATCAAA-1",0.905428860141802,0,0,0.0945711398581984,0,0,0,0,0
"392","CGGTCAAGTGGGAACC-1",0.688579892343748,0.0891336337007334,0,0.134421848258856,0,0,0.0878646256966628,0,0
"393","CGGTCTATCAACCCGT-1",0.917106471544968,0.00869134604900945,0,0.0742021824060222,0,0,0,0,0
"394","CGGTGAAGACTAAAGT-1",0.799953222569525,0,0,0.13831263598432,1.05728185212192e-19,0,0,0.0617341414461546,0
"395","CGGTGCAGATAGAACG-1",0.657224610048378,0,0,0.342775389951622,0,0,0,0,0
"396","CGGTTGACCTGGCATA-1",0.362694336739091,0,0,0.637305663260909,0,0,0,0,0
"397","CGTACCTGATAGGCCT-1",0.655033885435437,0,0,0.344966114564563,0,0,0,0,0
"398","CGTAGCGAATTGTCAG-1",0,1,0,0,0,0,0,0,0
"399","CGTCAAGGCTATAAAT-1",0.987462544584994,0.0125374554150064,0,0,0,0,0,0,0
"400","CGTCACGTCCATTGGT-1",0.593519351640938,0,0,0.406480648359062,0,0,0,0,0
"401","CGTGAAGTTAATTCAC-1",0.823995323548234,0,0,0.10394237283421,0.0720623036175567,0,0,0,0
"402","CGTGCAGACTGGGACA-1",1,0,0,0,0,0,0,0,0
"403","CGTGCATTGTCGACGC-1",0.137733116818756,0,0,0.862266883181244,0,0,0,0,0
"404","CGTGCCCTCCCGAAGA-1",0.682240446981847,0.317759553018153,0,0,0,0,0,0,0
"405","CGTTGAGCGACCGTCG-1",0.89222639650342,0,0,0,0,0,0.10777360349658,0,0
"406","CGTTGTAAACGTCAGG-1",0.179962258529136,0.646930482999929,0,0.173107258470935,0,0,0,0,0
"407","CGTTTAAGCGGAGCAC-1",0.943795118365098,0,0,0,0.0562048816349015,0,0,0,0
"408","CTAAAGGGAAATAGGA-1",0.961891093329723,0.0381089066702765,0,0,0,0,0,0,0
"409","CTAACCGCGCGCCCGT-1",0.14191247646028,0,0,0.727458083306293,0,0,0,0.130629440233426,0
"410","CTAAGGGAATGATTGG-1",0.960245876156612,0,0,0.0397541238433879,0,0,0,0,0
"411","CTACGACTAGCTATAA-1",0.394161048461646,0,0,0.605838951538354,0,0,0,0,0
"412","CTACTCTAGGCCCGGC-1",0.534153301972611,0,0,0.465846698027389,0,0,0,0,0
"413","CTAGATTTACGACGGC-1",0.955066852046857,0,0,0,0,0,0,0.0449331479531431,0
"414","CTAGTTACAACCCGGT-1",0.534812156354872,0.333786279765051,0,0.131401563880077,0,0,0,0,0
"415","CTAGTTGGGCCCGGTA-1",1,0,0,0,0,0,0,0,0
"416","CTATTCATGTGTCCCA-1",0.784233054827612,0,0,0.101852440501894,0,0,0.113914504670494,0,0
"417","CTATTTGGTTACGGAT-1",0.989370466842081,0.010629533157919,0,0,0,0,0,0,0
"418","CTCACTTGGCTGGTAA-1",0.249052693391423,0,0,0.750947306608577,0,0,0,0,0
"419","CTCAGGACTCACCTGT-1",0.835939201741102,0.0067828304965963,0,0.157277967762301,0,0,0,0,0
"420","CTCATGGCTCACAATC-1",0.932349774970692,0.000266374067369895,0,0.0673838509619378,0,0,0,0,0
"421","CTCATTTGATGGGCGG-1",1,0,0,0,0,0,0,0,0
"422","CTCCGCCCACATGAGG-1",0.731090183174243,0,0,0.268909816825757,0,0,0,0,0
"423","CTCCGGCCTAATATGC-1",1,0,0,0,0,0,0,0,0
"424","CTCGCACCTATATAGT-1",0.840157439618172,0,0,0.159842560381827,0,0,0,0,0
"425","CTCGGTACCACTGCTC-1",0.868093090562508,0,0,0,0.131906909437492,0,0,0,0
"426","CTCTACACTGGCGATT-1",0.708496912700928,0,0,0.291503087299072,0,0,0,0,0
"427","CTCTATTTGGCTGCAG-1",0.459429310797208,0.205773241522341,0,0.334797447680451,0,0,0,0,0
"428","CTCTGTTTGAGGATTC-1",0,1,0,0,0,0,0,8.90900699649805e-19,0
"429","CTGAAAGAGATCCGAC-1",0.805977642478853,0,0,0.194022357521147,0,0,0,0,0
"430","CTGAATCCGAGACCTC-1",0,0.849618722658283,0,0.150381277341717,0,0,0,0,0
"431","CTGATAGTGTATCTCA-1",0.699396933588584,0,0,0.300603066411416,0,0,0,0,0
"432","CTGCACAACTACATAT-1",0.589590503697633,0,0,0,0,0,0.410409496302367,0,0
"433","CTGCACCTGGAACCGC-1",0.993271757678126,0.00672824232187375,0,0,0,0,0,0,0
"434","CTGCCAAGGTTGGAAG-1",1,0,0,0,0,0,0,0,0
"435","CTGCCATGCATCACAT-1",0.810389775095907,0.00612386942610375,0,0.183486355477989,0,0,0,0,0
"436","CTGCGGGTGAAATGTT-1",0.568579475094384,0,0,0.431420524905616,0,0,0,0,0
"437","CTGGATTTACACTTGA-1",0.897952933249529,0,0,0.102047066750471,0,0,0,0,0
"438","CTGGCGACATAAGTCC-1",0.683469652848132,0.0535380251330496,0,0,0,0,0.224442808876398,0.0385495131424198,0
"439","CTGGGATAAATAATGG-1",0.724932005265532,0.000612003751603089,0,0.255366617409551,0,0,0,0.0190893735733141,0
"440","CTGGGTAGGCAGTTAA-1",0.715435797186591,0,0,0.284564202813409,0,0,0,0,0
"441","CTGGTAACGAGCTCTT-1",1,0,0,0,0,0,0,0,0
"442","CTGTACTTCTTAGCAT-1",0.901621473689273,0.00656892637628594,0,0.0918095999344413,0,0,0,0,0
"443","CTGTCAAATGGCTCGG-1",0.837407305097812,0,0,0.162592694902188,0,0,0,0,0
"444","CTGTGCAGGGTAGGTC-1",0.507952895731817,0,0.375515251675279,0.116531852592904,0,0,0,0,0
"445","CTGTTACCCAATCTAG-1",0.849564447321072,0.148588960616978,0,0.00184659206195009,0,0,0,0,0
"446","CTGTTCACTGCCTGTG-1",0.642882562213612,0,0,0.357117437786388,0,0,0,0,0
"447","CTGTTCATCTCACGGG-1",0.667489827968127,0,0,0.332510172031873,0,0,0,0,0
"448","CTTAAATAAGACCCAT-1",0.590961445369757,0.408697050344427,0.00034150428581613,0,0,0,0,0,0
"449","CTTAGCCCGGATAGTG-1",0.618579312126393,0,0,0.381420687873607,0,0,0,0,0
"450","CTTAGCCTTCCACATG-1",0.87045294092756,0,0,0.0730628607686468,0,0,0.0564841983037928,0,0
"451","CTTCATAGCTCAAGAA-1",1,0,0,0,0,0,0,0,0
"452","CTTCGTAGATAGGTGA-1",0.804817908919302,0,0,0.195182091080698,0,0,0,0,0
"453","CTTCTATGTTGAAGTA-1",0.548045798399152,0,0,0.451954201600848,0,0,0,0,0
"454","CTTCTATTAATGCTAG-1",0.630650295445573,0,0,0.369349704554427,0,0,0,0,0
"455","CTTCTTACGTCGTATA-1",0.872111198252858,0.0113555460068313,0,0.116533255740311,0,0,0,0,0
"456","CTTGCAACCGCCTCCT-1",0.912113620477219,0.0222888069635884,0,0.0655975725591923,0,0,0,0,0
"457","CTTGCCCAGGCTCTAC-1",0,0,0,0.445077169322491,0,0,0.554922830677509,0,0
"458","CTTGTACTTGTTGACT-1",0.481579104010781,0,0,0.518420895989219,0,0,0,0,0
"459","CTTGTTGCTGAGTCAA-1",0.759291485546338,0,0,0.240708514453662,0,0,0,0,0
"460","CTTTAACTTTCAAAGG-1",0.724628448577697,0,0,0.275371551422303,0,0,0,0,0
"461","CTTTAATATTGGTCGA-1",0.477210250414659,0.522789749585341,0,0,0,0,0,0,0
"462","CTTTAGTGCTATTATT-1",0.413202227096066,0,0,0.472943892945276,0.113853879958658,0,0,0,0
"463","CTTTGGCGCTTTATAC-1",0.624084556726773,0,0,0.375915443273227,0,0,0,0,0
"464","GAAACAGCCATGCAGT-1",0,0.920924691759946,0,0.0790753082400542,0,0,0,0,0
"465","GAAACCGAATTACCTT-1",0,0,0,0.501156491637378,0.109669165782309,0,0.389174342580313,0,0
"466","GAAACTCTAATGAAGG-1",0,1,0,0,0,0,0,0,0
"467","GAAAGCCCTTTGGACC-1",0.193949181326927,0,0,0.721447935343587,0,0,0,0.0846028833294855,0
"468","GAAAGTGACTAACTGC-1",0.71817748239313,0,0,0.28182251760687,0,0,0,0,0
"469","GAAATACTAAACGTTT-1",0.888204922601267,0,0,0.111795077398733,0,0,0,0,0
"470","GAAATATCACCATCAG-1",0.44583202735566,0,0,0.55416797264434,0,0,0,0,0
"471","GAAATCGCGCGCAACT-1",0.991264573054919,0.00873542694508109,0,0,0,0,0,0,0
"472","GAAATTCACATCGCTG-1",1,0,0,0,0,0,0,0,0
"473","GAAATTGTCTCTATAA-1",0,0,0,0.644525149448946,0.237696795080234,0,0.11777805547082,0,0
"474","GAACACACATCAACCA-1",0.724491935405019,0,0,0.275508064594981,0,0,0,0,0
"475","GAACGACCGAATGATA-1",1,0,0,0,0,0,0,0,0
"476","GAACGTCTCATGGTCG-1",1,0,0,0,0,0,0,0,0
"477","GAACGTTAGGAAGACG-1",1,0,0,0,0,0,0,0,0
"478","GAAGAACGGTGCAGGT-1",0,0.851362199036771,0,0.148637800963229,0,0,0,0,0
"479","GAAGTCAGTTGCACTA-1",0.884171188836907,0,0,0.115828811163093,0,0,0,0,0
"480","GAAGTCTCCCTAGCGA-1",0.909504850567093,0,0,0.090495149432907,0,0,0,0,0
"481","GAAGTGATTTATCGTG-1",0.667911770729933,0.0634321905630971,0,0.155145117455842,0,0,0,0.113510921251128,0
"482","GAAGTGCTGGATAGCT-1",0.962360584596763,0.0376394154032368,0,0,0,0,0,0,0
"483","GAATCTGAACATTCTC-1",0.948039122545422,0,0,0.0519608774545776,0,0,0,0,0
"484","GAATGTGGTCCGGATT-1",0.710992926395705,0,0,0.289007073604295,0,0,0,0,0
"485","GAATGTTGGGTAATCT-1",0.753749940430784,0,0,0.246250059569216,0,0,0,0,0
"486","GAATTCACCCGGGTGT-1",0.512224066987071,0,0,0.3066465598545,0.181129373158428,0,0,0,0
"487","GACAACGCAGCTTACG-1",0.696882653278864,0,0,0.209743792659472,0,0,0.0933735540616638,0,0
"488","GACACTGAGTTCAGTG-1",0.897014769676467,0,0,0.0675055914248942,0,0,0,0.035479638898639,0
"489","GACAGCCAGACCTGAC-1",0.483358406323326,0,0,0.516641593676674,0,0,0,0,0
"490","GACAGGCACACACTAT-1",0.532475676292386,0,0,0.467524323707614,0,0,0,0,0
"491","GACCGACTGAAGCGTC-1",0.249943594025342,0,0,0.654612834524803,0,0,0,0.0954435714498547,0
"492","GACCGTGCTGACGGTG-1",0.603941309334976,0.291624173522806,0,0.104434517142218,0,0,0,0,0
"493","GACGACGATCCGCGTT-1",0.90923312435062,0,0,0.0907668756493802,0,0,0,0,0
"494","GACGCTTGCTTCTAAA-1",0.655477748679995,0,0,0.200836527620487,0,0,0,0.143685723699518,0
"495","GACTAAGATCATGCAC-1",0.81131496492133,0,0,0.18868503507867,0,0,0,0,0
"496","GACTCGCGGGAATGAC-1",1,0,0,0,0,0,0,0,0
"497","GACTGCACCAGCCCAG-1",0,0.834130407126115,0,0,0,0,0,0.165869592873885,0
"498","GACTGCGGCACGTGTA-1",1,0,0,0,0,0,0,0,0
"499","GAGAGGGCGCGAGGTT-1",0,0,0,1,0,0,0,0,0
"500","GAGAGGTGCATTCTGG-1",0.938758767203344,0,0,0.0612412327966562,0,0,0,0,0
"501","GAGATCTTCCATGACA-1",0.386194539973688,0.00885732629837599,0,0.604948133727937,0,0,0,0,0
"502","GAGATGGGAGTCGACA-1",0.444333329772362,0.555666670227638,0,0,0,0,0,0,0
"503","GAGCGAGGGAGTACCG-1",0.932255862459514,0,0,0.0677441375404857,0,0,0,0,0
"504","GAGCTAAGGGCATATC-1",0.995551976143437,0.00444802385656288,0,0,0,0,0,0,0
"505","GAGCTCTCGGACCTAA-1",0.625438984906785,0.337436424803306,0,0,0,0,0,0.037124590289909,0
"506","GAGGCTATCAAAGTCG-1",0.335808647550715,0,0,0.552927046658819,0,0,0,0.111264305790467,0
"507","GAGGTCCCAAAGATCT-1",1,0,0,0,0,0,0,0,0
"508","GAGTACGGGTATACAA-1",0.808810479546952,0,0,0,0,0,0,0,0.191189520453048
"509","GAGTATGCCCGCCTTG-1",0,1,0,0,0,0,0,0,0
"510","GAGTCCGCTTACCGGA-1",0,0.411071106177902,0,0.160444829355355,0.428484064466743,0,0,0,0
"511","GAGTCGACAGACCCTC-1",0.833314706473724,0.00967853710191455,0,0.0456777303245265,0,0,0,0.111329026099835,0
"512","GATAAATCGGTGGATG-1",0.726213673472701,0.00245840571741394,0,0.271327920809885,0,0,0,0,0
"513","GATCCGGGAATTAACA-1",1,0,0,0,0,0,0,0,0
"514","GATCCTAAATCGGGAC-1",1,0,0,0,0,0,0,0,0
"515","GATCGGATAGAACCAT-1",0.712811639439282,0,0,0.202111419779699,0,0,0.0850769407810184,0,0
"516","GATCGGCGATAAGTCG-1",0,0.580804731732447,0,0.19027356911136,0.228921699156193,0,0,0,0
"517","GATCGTGACTGATATC-1",0.976895325771533,0.0231046742284668,0,0,0,0,0,0,0
"518","GATCTTGGAGGGCATA-1",0.810719798976309,0,0,0.189280201023691,0,0,0,0,0
"519","GATGCGAATGGTATTA-1",0.888205558916811,0,0,0,0,0,0,0,0.111794441083189
"520","GATGCTGTATTTCATC-1",0.80134520610954,0,0.19865479389046,0,0,0,0,0,0
"521","GATGTTCAATCCACGA-1",0.509865892185995,0,0,0.490134107814005,0,0,0,0,0
"522","GATTACTGAATTTGGG-1",0.0858259642772495,0.365422549948218,0,0.548751485774533,0,0,0,0,0
"523","GATTCCCTTGTCGCAG-1",0.742974331302264,0,0,0.131319929631287,0,0,0.125705739066449,0,0
"524","GATTCCGCGTTTCCGT-1",0.787067672650013,0.114104415322351,0,0.0988279120276355,0,0,0,0,0
"525","GATTCCTATACGGCGC-1",0,0.878263376055687,0,0,0,0,0,0.121736623944313,0
"526","GATTCGACGGTTCACG-1",1,0,0,0,0,0,0,0,0
"527","GCAACCACGGCCGCGT-1",0.992897892179079,0.00710210782092094,0,0,0,0,0,0,0
"528","GCAAGAATTCCTTGGC-1",0.85028272184325,0,0,0.14971727815675,0,0,0,0,0
"529","GCACACGCCCATGGTC-1",0.85951658663075,0,0,0.14048341336925,0,0,0,0,0
"530","GCACTAGTCGCGCTAT-1",0.591796937086051,0.0118965028162508,0,0.0997275276129662,0.296579032484732,0,0,0,0
"531","GCAGATCCTCGCAAAT-1",0.775032741954668,0,0,0.224967258045332,0,0,0,0,0
"532","GCAGCACACAGCCCAG-1",0.255501061377462,0.00481536485203773,0,0.7396835737705,0,0,0,0,0
"533","GCATACGAGGTCTTTA-1",1,0,0,0,0,0,0,0,0
"534","GCATTCGAAATGAACA-1",1,0,0,0,0,0,0,0,0
"535","GCATTGTAATTCATAT-1",0.481897023593641,0,0,0.518102976406359,0,0,0,0,0
"536","GCCACAATTTAAGGAC-1",0.792764330156157,0,0,0.207235669843843,0,0,0,0,0
"537","GCCATATTGCACACAG-1",0.665528302645619,0.33447169735438,0,0,0,0,0,0,0
"538","GCCCAGTTGGTATGCC-1",0.649675925150921,0,0,0.350324074849079,0,0,0,0,0
"539","GCCCGATCTGTGGTCG-1",0,0.998961046058815,0,0,0,0.00103895394118498,0,0,0
"540","GCCCGCGCGTAAACGG-1",0.9184421200011,0,0,0.0815578799989001,0,0,0,0,0
"541","GCCCGCGCGTTTGACA-1",0.896589587517543,0,0,0.103410412482457,0,0,0,0,0
"542","GCCCGTAATACCTTCT-1",1,0,0,0,0,0,0,0,0
"543","GCCGATTGGCCAAGCT-1",0.87275610058848,0,0,0.12724389941152,0,0,0,0,0
"544","GCCGCATTAGTCCGGC-1",0.456741432736965,0,0,0.453567090558608,0,0,0,0.0896914767044268,0
"545","GCCGGGTTAGGGTCGC-1",0.852991263839498,0,0,0.147008736160502,0,0,0,0,0
"546","GCCTAGCGATCTGACC-1",1,0,0,0,0,0,0,0,0
"547","GCCTATTCCGATATAG-1",0.840585672926922,0,0,0.159414327073077,0,0,0,0,0
"548","GCGAAACTTAACTGGA-1",0.592879407124974,0,0,0.407120592875026,0,0,0,0,0
"549","GCGACGATAGTTGTAC-1",0.425932984432198,0.238437692779951,0,0.335629322787851,0,0,0,0,0
"550","GCGATTGTTAACGTTA-1",1,0,0,0,0,0,0,0,0
"551","GCGCATCCAGTCAGCA-1",1,0,0,0,0,0,0,0,0
"552","GCGCCGTTCCACGATA-1",0.843061325819031,0.0382523908015243,0,0.118686283379445,0,0,0,0,0
"553","GCGCTATGCCGAGGCA-1",0,0,0,0.391868171066737,0.608131828933263,0,0,0,0
"554","GCGCTGCTTTGCATTT-1",0.995374500376165,0,0.00462549962383487,0,0,0,0,0,0
"555","GCGGAGAGGGAGAACG-1",0.520043575372136,0,0,0.355686029703291,0.124270394924574,0,0,0,0
"556","GCGGCTCTGACGTACC-1",0.1336818907622,0,0,0.684334984447007,0,0,0,0.181983124790793,0
"557","GCGGTCCCTAGACGCA-1",0,1,0,0,0,0,0,0,0
"558","GCGGTTCCCTATCATG-1",0.942679555502085,0,0,0.0573204444979147,0,0,0,0,0
"559","GCGTTATATTTGGAAC-1",1,0,0,0,0,0,0,0,0
"560","GCTAAACCTGAGGTGA-1",1,0,0,0,0,0,0,0,0
"561","GCTAAGTAGTTTCTCT-1",0.911162582093527,0,0.0888374179064732,0,0,0,0,0,0
"562","GCTAATACCGAATGCC-1",0.670467880135145,0,0,0.234446157321073,0,0,0.095085962543782,0,0
"563","GCTACAGTACGGACCG-1",0.896133825358153,0,0,0.103866174641847,0,0,0,0,0
"564","GCTACGACTTATTGGG-1",0.730810687244387,0.0202670182639514,0.118240858083361,0,0,0.130681436408301,0,0,0
"565","GCTAGTAGAGCTTGTA-1",0.843088033552294,0.0111415321792404,0,0.145770434268465,0,0,0,0,0
"566","GCTCGGAATTTAAAGC-1",0.526012808363531,0.249152368268672,0,0,0,0,0.224834823367797,0,0
"567","GCTCTAAACCCTGACG-1",0.780505454620524,0.00818749736271444,0,0.211307048016762,0,0,0,0,0
"568","GCTCTCGGGTACCGAA-1",0.529678158665744,0.203068126584918,0,0.129735293749663,0,0,0.137518420999675,0,0
"569","GCTGAGGCGTGAGTAT-1",0.926578572770921,0,0,0.0734214272290788,0,0,0,0,0
"570","GCTGCACGGTTTCTTA-1",1,0,0,0,0,0,0,0,0
"571","GCTGCTACTGCGTAGC-1",1,0,0,0,0,0,0,0,0
"572","GCTGTATTACTGGCCC-1",0.926328346623638,0,0,0.0736716533763618,0,0,0,0,0
"573","GCTTAATGTAACTAAC-1",0.903953593658081,0,0,0.096046406341919,0,0,0,0,0
"574","GCTTATGAAGCAGGAA-1",0.760211295082888,0,0,0.170936173891701,0,0,0.0688525310254106,0,0
"575","GCTTCCGTCCCTAGAC-1",0.991240832999272,0.0087591670007275,0,0,0,0,0,0,0
"576","GCTTGATGATAATCAG-1",0.468737905475501,0,0,0.531262094524499,0,0,0,0,0
"577","GCTTGGATCGATTAGG-1",1,0,0,0,0,0,0,0,0
"578","GGAACCCGAACAAGAA-1",0.924218083881609,0,0,0.068342639139008,0,0,0.00743927697938312,0,0
"579","GGAACCGTGTAAATTG-1",0.851722487881332,0.00588368066586618,0,0.142393831452802,0,0,0,0,0
"580","GGAATGCGCTAGCGTG-1",0.604401217660451,0.0102129432822938,0,0,0,0,0.385385839057255,0,0
"581","GGACAAGTTGCAGTGA-1",0.491110654170833,0.103198215875386,0,0.19607961118087,0,0.136404412334614,0.0732071064382975,0,0
"582","GGACCAACAGGATAAC-1",0,0.853829905830352,0,0.0878692085224772,0,0,0.0583008856471705,0,0
"583","GGAGAAGTCATTGGCA-1",1,0,0,0,0,0,0,0,0
"584","GGAGACGACACCTTTG-1",0.84817092600745,0,0,0.15182907399255,0,0,0,0,0
"585","GGAGCACCAAGAACTA-1",0.719352647238199,0.21020495287421,0,0.0704423998875913,0,0,0,0,0
"586","GGAGGGCTTGGTTGGC-1",0.816547653515334,0,0,0,0,0,0.183452346484666,0,0
"587","GGAGTGCCGCCCTGGA-1",1,0,0,0,0,0,0,0,0
"588","GGATCCGGAATATACT-1",1,0,0,0,0,0,0,0,0
"589","GGATGCTGGCGTTCCT-1",0.421006418191077,0,0,0.578993581808923,0,0,0,0,0
"590","GGATGTCCTTACCGCA-1",0.601866260573026,0,0,0.367547209013445,0,0,0,0.0305865304135296,0
"591","GGATTCCGCTATACCC-1",0.948507316893622,0.0200167109141111,0,0,0,0,0.0314759721922667,0,0
"592","GGATTTCACTTCTATA-1",0.822195648392172,0.0444000632166297,0,0,0,0,0.133404288391199,0,0
"593","GGCAAATTACTTTACT-1",0.740296490740301,0,0,0.259703509259699,0,0,0,0,0
"594","GGCAAGGCGAAATAGC-1",0.704974288879785,0.0118307198096804,0,0,0.136356722558629,0,0,0.146838268751906,0
"595","GGCCCTCACCCACTTA-1",0.471362418414017,0,0,0.403438418725513,0,0,0,0.125199162860471,0
"596","GGCGCAGGACATCTTC-1",0.509780361655653,0,0,0.490219638344347,0,0,0,0,0
"597","GGCGCATGAATTGATG-1",0.515323877300013,0,0,0.484676122699987,0,0,0,0,0
"598","GGCGCGTTCGAGTTTA-1",0.573047763890897,0,0,0.257586750848746,0,0.0856596059871267,0,0,0.0837058792732296
"599","GGCTCGTGCCACCAGC-1",1,0,0,0,0,0,0,0,0
"600","GGCTGAAATAGCAAAG-1",0.876533510542958,0,0,0,0,0.123466489457042,0,0,0
"601","GGGATGGTCGTAACCG-1",0.530639049549878,0.0466194596322591,0,0.0909164639385829,0,0,0.331825026879281,0,0
"602","GGGCCCGTCTTAAACA-1",0.998886353675461,0,0,0,0.00111364632453872,0,0,0,0
"603","GGGCCCTACGAAAGGG-1",1,0,0,0,0,0,0,0,0
"604","GGGCCGGCCGAAGTAC-1",0,1,0,0,0,0,0,0,0
"605","GGGCGGCAAATGAATT-1",0.891962869061072,0,0,0.108037130938928,0,0,0,0,0
"606","GGGCGGGTTCCCTACG-1",0.810707808898725,0,0,0.123849950229959,0,0,0,0.0654422408713152,0
"607","GGGCGTACATTTATAT-1",0.928670171466552,0.00803350813786587,0,0.0632963203955823,0,0,0,0,0
"608","GGGCGTCACCACGTAA-1",0,0,1,0,0,0,0,0,0
"609","GGGCTCATCGAACCCA-1",0.847014813031424,0.0135585876114047,0,0.139426599357172,0,0,0,0,0
"610","GGGTACTTCATGAACT-1",0.0820507629078602,0,0,0.91794923709214,0,0,0,0,0
"611","GGGTCATGCGTACCAT-1",0.874279688316214,0,0,0.125720311683786,0,0,0,0,0
"612","GGGTGACACCTTAACT-1",0.879516068065788,0.00195091521457293,0,0.100707836230937,0,0.0178251804887022,0,0,0
"613","GGGTTCAGACGAACAA-1",0,1,0,0,0,0,0,0,0
"614","GGTACAAACATGCTAT-1",1,0,0,0,0,0,0,0,0
"615","GGTACATCTGGGACGA-1",0.598027865284852,0,0,0.401972134715148,0,0,0,0,0
"616","GGTCAGTGGGTCCCAC-1",0,0,0,0.261032853154985,0.552360552183526,0,0,0.186606594661488,0
"617","GGTCGGCCAGGAGCTT-1",0.727195869460655,0,0,0.14818236247731,0,0,0.124621768062035,0,0
"618","GGTCTGAGAATCTGGA-1",0.872270263423373,0,0,0,0,0,0.127729736576627,0,0
"619","GGTGAAGTACAGGGAT-1",0.317410748980856,0.371008148515154,0,0.123899472983061,0,0,0.187681629520929,0,0
"620","GGTGAGATGCAGATAA-1",0.841473943133091,0,0,0.158526056866909,0,0,0,0,0
"621","GGTGATAAGGAGCAGT-1",1,0,0,0,0,0,0,0,0
"622","GGTGCTGATCACAAAG-1",0.404098444959766,0,0,0.440377254699807,0,0,0,0.155524300340427,0
"623","GGTGCTGGTACACATT-1",0.581234030770711,0,0,0.418765969229289,0,0,0,0,0
"624","GGTTACCACCCTCGGG-1",0,0,1,0,0,0,0,0,0
"625","GGTTAGTTACGGCGCC-1",0,0,0,1,0,0,0,0,0
"626","GGTTGTGCTCTTGTCC-1",0,1,0,0,0,0,0,0,0
"627","GGTTGTGTAGCCTGGC-1",0.951604001005755,0.048395998994245,0,0,0,0,0,0,0
"628","GGTTTACAATCTCAAT-1",0.884715021083283,0,0,0.115284978916717,0,0,0,0,0
"629","GGTTTCAATCGGTCAG-1",0.688920133799888,0,0,0.311079866200112,0,0,0,0,0
"630","GTAAGCGGGCAGTCAG-1",0.85583996055132,0,0,0.14416003944868,0,0,0,0,0
"631","GTAAGTAACAGTCTGG-1",0.772280369710355,0,0,0.10414628482841,0.0272427754728125,0,0.0963305699884224,0,0
"632","GTAATCTGATTCTTCG-1",0.939268228574557,0,0,0.0607317714254433,0,0,0,0,0
"633","GTACAGAGGCAAGGGT-1",0.976052673507382,0.0239473264926176,0,0,0,0,0,0,-1.62640598765479e-19
"634","GTACGAGATTGCGACA-1",0.519811765514294,0,0,0.480188234485706,0,0,0,0,0
"635","GTACGCTTCATTGCAC-1",0.603838842352465,0,0,0.272930896633957,0,0,0.123230261013579,0,0
"636","GTACGTTTGCCCGTCA-1",0.709590814462032,0,0,0.216131361825855,0,0,0.0742778237121131,0,0
"637","GTACTCCCTTATCGCT-1",0.132720614704359,0,0,0.867279385295641,0,0,0,0,0
"638","GTACTGGAGTTAGACC-1",0.75446595330063,0,0,0.24553404669937,0,0,0,0,0
"639","GTAGACGTCGTTACAT-1",0.630739579663882,0,0.284434804049785,0,0,0,0,0.0848256162863329,0
"640","GTAGCCAAACATGGGA-1",0.838546356093073,0.0215100936106133,0,0.139943550296313,0,0,0,0,0
"641","GTAGCGGCTATACACT-1",0.892723294484354,0,0,0.0883688626580755,0,0.0189078428575707,0,0,0
"642","GTAGGTGATCCGTGTA-1",0.890240430825495,0,0,0.109759569174504,0,0,0,0,0
"643","GTAGTCGCGGGAATCA-1",1,0,0,0,0,0,0,0,0
"644","GTATAGGACTCAGTAG-1",0.715330766889451,0,0,0.284669233110549,0,0,0,0,0
"645","GTATCAGCTTGGGTTC-1",0.665275584788516,0.334724415211484,0,0,0,0,0,0,0
"646","GTATCTTTCATAACCA-1",0.779540987151221,0.00133575680767302,0,0.183601633130557,0,0,0.0355216229105495,0,0
"647","GTATTCTGAGAAACGA-1",0.722349021238615,0,0,0.178931868397511,0,0,0.0987191103638739,0,0
"648","GTCAAGCGGACTCGGG-1",1,0,0,0,0,0,0,0,0
"649","GTCACTCTCCAAATCT-1",0.704011952277526,0,0,0.295988047722474,0,0,0,0,0
"650","GTCAGTTTGGTAGTCG-1",0.990935747718592,0,0.00906425228140819,0,0,0,0,0,0
"651","GTCATGGACATGACTA-1",0.781836991491377,0,0,0.0398252534642787,0,0,0.178337755044345,0,0
"652","GTCATTGCATTGACCC-1",0.639512587134376,0,0,0.280679271241195,0,0,0,0,0.0798081416244292
"653","GTCCGAGAGCAATCAT-1",1,0,0,0,0,0,0,0,0
"654","GTCCTATTGTTGTGGT-1",0.878775540568117,0,0,0.121224459431883,0,0,0,0,0
"655","GTCGCGTAACCCGTTG-1",0.894684610778097,0,0,0,0,0,0,0.105315389221903,0
"656","GTCGGATGTAGCGCGC-1",0.8171582148679,0,0,0.1828417851321,0,0,0,0,0
"657","GTCGTACCATCTCGGG-1",0.541804716508301,0,0,0.229793372413244,0,0,0,0.228401911078454,0
"658","GTCGTTATTCGCTTAT-1",0.752966807797882,0.00835117407371011,0,0.238682018128408,0,0,0,0,0
"659","GTCTATCTGAGTTTCT-1",0.650794249826715,0,0,0.349205750173285,0,0,0,0,0
"660","GTCTCGATCTGCTTTC-1",0.994988519270506,0.00335364542247078,0,0,0,0,0.00165783530702354,0,0
"661","GTCTGGGCGGTCGAGA-1",0.244252682232819,0.655432541190757,0,0,0,0,0.100314776576424,0,0
"662","GTGAAACGGCGCCACC-1",1,0,0,0,0,0,0,0,0
"663","GTGAGCGTGCTGCACT-1",0.260431506881426,0.00754744965699945,0,0.732021043461574,0,0,0,0,0
"664","GTGAGGACACTTAAGG-1",0.784990609991251,0,0,0.100531501795043,0,0,0.114477888213706,0,0
"665","GTGAGTCTAAGACGGA-1",0.392968697685381,0.34381938125369,0,0.263211921060929,0,0,0,0,0
"666","GTGAGTGGTACAACGC-1",0.655355811545645,0.344644188454354,0,0,0,0,0,0,0
"667","GTGATCATAGATCTGC-1",0.577504735962791,0.260856416455163,0,0.161638847582045,0,0,0,0,0
"668","GTGATTCGCCGCTCAA-1",0.926707120424138,0.073292879575862,0,0,0,0,0,0,0
"669","GTGCAACAAATGTGGC-1",0,1,0,0,0,0,0,0,0
"670","GTGCCATCACACGGTG-1",0.332438658519464,0,0,0.47868606339652,0,0,0,0.188875278084016,0
"671","GTGCCCGTTCGGATTC-1",0.281171729246545,0,0.263965906891401,0.454862363862055,0,0,0,0,0
"672","GTGCGAAATCGAACAC-1",0.965203362864043,0.0133417433480193,0,0,0,0,0,0.021454893787938,0
"673","GTGCGGGTCTCCAAAT-1",0.749436459595756,0,0,0.182036018782997,0,0,0.0685275216212468,0,0
"674","GTGCGTGTATATGAGC-1",0.584751922143041,0,0,0.415248077856959,0,0,0,0,0
"675","GTGGACCAACCCGATT-1",0.701043957636609,0,0,0.298956042363391,0,0,0,0,0
"676","GTGGCGGTCCCAGCGT-1",0.131394632327394,0,0,0.868605367672606,0,0,0,0,0
"677","GTGGTGGCCAAGTGAA-1",0.612947540352202,0,0,0.387052459647798,0,0,0,0,0
"678","GTGGTTTCCGCCTTTC-1",0.869350285425692,0,0,0.130649714574308,0,0,0,0,0
"679","GTGTACCTTGGCTACG-1",0,0,1,0,0,0,0,0,0
"680","GTGTGAATAACTTAGG-1",0,0.873075593417382,0,0,0,0,0.112399391944327,0,0.0145250146382913
"681","GTGTTACTATGCGTCC-1",0.94684259995569,0,0,0.0531574000443101,0,0,0,0,0
"682","GTTAAAGTAGGACTGG-1",0,0,1,0,0,0,0,0,0
"683","GTTAATGTCTATCTTA-1",0.989188017369357,0.0108119826306426,0,0,0,0,0,0,0
"684","GTTACAATTGGTGACG-1",0.365260346488043,0.00972419711103102,0,0.625015456400926,0,0,0,0,0
"685","GTTACCTACAACTTGC-1",0.952995251242162,0,0,0.0470047487578377,0,0,0,0,0
"686","GTTACTTTGGGCCTAG-1",0.465911644851185,0.242775606696144,0,0.291312748452671,0,0,0,0,0
"687","GTTATATTATCTCCCT-1",0.709503479950132,0,0.0824611928028868,0.089803146371352,0,0,0.118232180875629,0,0
"688","GTTCTTCCCTCGATGT-1",0.768809779334414,0.00871729767399466,0,0.222472922991592,0,0,0,0,0
"689","GTTGAACCGGTTCCAT-1",0.691893732361185,0,0,0.308106267638815,0,0,0,0,0
"690","GTTGCACGGAGTTTCG-1",0.797857695859633,0,0,0.202142304140367,0,0,0,0,0
"691","GTTGGATTGAGAACAC-1",0,0.624254324998749,0,0,0,0,0.257122263347434,0,0.118623411653817
"692","GTTGTCGTGTTAGTTG-1",0.779598496156843,0,0,0.220401503843157,0,0,0,0,0
"693","GTTTACGTTCCATCTG-1",0.510086372950073,0.34563590513999,0,0.144277721909937,0,0,0,0,0
"694","GTTTCATATCGTCGCT-1",0.269202562039551,0,0,0.730797437960449,0,0,0,0,0
"695","GTTTCCTGGAGGGTGA-1",0.868779245083353,0,0,0.131220754916647,0,0,0,0,0
"696","GTTTCTGCAGTCTCCC-1",1,0,0,0,0,0,0,0,0
"697","GTTTGGCCCAAGTTAT-1",0.474567307538592,0,0,0.30236776816276,0,0,0.223064924298648,0,0
"698","TAAATGAATCCGTTTC-1",0.9918366427638,0.00816335723619983,0,0,0,0,0,0,0
"699","TAACAAAGGGAGAAGC-1",1,0,0,0,0,0,0,0,0
"700","TAACAATATTTGTTGC-1",0.705105414383904,0,0,0.294894585616096,0,0,0,0,0
"701","TAACTATCGAAGGTCC-1",0.497162307108751,0,0,0.502837692891249,0,0,0,0,0
"702","TAACTCATCCGCGCGG-1",0.658971648460152,0,0,0.27492492961369,0,0.0661034219261582,0,0,0
"703","TAAGCAGGCGACACGC-1",0.381212209542182,0,0,0.534694684114431,0,0,0,0.0840931063433868,0
"704","TAAGGCAACATAAGAT-1",0.783374470173487,0.00512940123032611,0,0.159850992028677,0,0,0,0.0516451365675091,0
"705","TAAGGGCTGGGAGAGG-1",0.687935636396665,0,0,0.228544099032454,0,0,0.0835202645708808,0,0
"706","TAAGTAACATCTTGAC-1",0.793912952770924,0.0249838767497528,0,0.181103170479323,0,0,0,0,0
"707","TAATACACAGTAGTAT-1",1,0,0,0,0,0,0,0,0
"708","TAATAGTGACGACCAG-1",1,0,0,0,0,0,0,0,0
"709","TAATCGATCCGTACGT-1",1,0,0,0,0,0,0,0,0
"710","TAATGAAAGACCCTTG-1",1,0,0,0,0,0,0,0,0
"711","TACAACGCACAACTCA-1",0,0,0,0.853822291930463,0.146177708069537,0,0,0,0
"712","TACATAGGCATACACC-1",0.862400888194583,0,0,0.137599111805417,0,0,0,0,0
"713","TACATTTCTAACGTGC-1",0.785999767508656,0,0,0.214000232491344,0,0,0,0,0
"714","TACCAGAAGTAGGTTC-1",0.792688819690703,0,0.207311180309296,0,0,0,0,0,0
"715","TACCGGCTCACTGCCC-1",0,0,0,0.719904065403192,0.280095934596808,0,0,0,0
"716","TACCGGTCGTTTCCAT-1",0.765244748502199,0,0,0.234755251497801,0,0,0,0,0
"717","TACCGTGCCTCGGACC-1",0,0.630697051980097,0,0.369302948019903,0,0,0,0,0
"718","TACCTGCTGCACTGTG-1",0.340990671235006,0,0,0.453893498330417,0,0,0,0.205115830434577,0
"719","TACGACGCTTGCTGCG-1",0.617924454391208,0,0,0.382075545608792,0,0,0,0,0
"720","TACGACTGCCTCTTAG-1",0.679286723903185,0,0,0.320713276096815,0,0,0,0,0
"721","TACGCAGTTCTTTCCT-1",0.861110303215534,0,0,0.138889696784466,0,0,0,0,0
"722","TACGCCATATTCTAAT-1",0,0,0,0.286578924528076,0.713421075471925,0,0,0,0
"723","TACGGGATGCTAGCAG-1",0.990900781839187,0.00909921816081348,0,0,0,0,0,0,0
"724","TACGTGCACTATGCTG-1",1,0,0,0,0,0,0,0,0
"725","TACGTTTACCGGCAAT-1",0.490012233222811,0,0,0.509987766777189,0,0,0,0,0
"726","TACTCGGCACGCCGGG-1",0.956302211410527,0,0,0.0436977885894731,0,0,0,0,0
"727","TACTCTCCGAACAAAT-1",0.917226513477476,0,0,0.0827734865225238,0,0,0,0,0
"728","TACTGGACAGCTCGGC-1",0.220193170155416,0,0,0.779806829844583,0,0,0,0,0
"729","TACTTGTTAGTAGTCC-1",1,0,0,0,0,0,0,0,0
"730","TACTTTACTGAGCCGG-1",0,1,0,0,0,0,0,0,0
"731","TAGAAAGGTGGCGCTA-1",0.929284839234969,0.0151305964212285,0,0.0555845643438021,0,0,0,0,0
"732","TAGAAATTCACGTATA-1",0.801033881626706,0,0,0.198966118373294,0,0,0,0,0
"733","TAGAGATCATGCAACT-1",0.794550008321122,0,0,0.205449991678878,0,0,0,0,0
"734","TAGAGCTACGAAGAAC-1",0.843554046041629,0,0,0.156445953958371,0,0,0,0,0
"735","TAGATTCCTGGTTATT-1",0.574175086740361,0.01433362710004,0,0.327938979060608,0,0,0,0,0.0835523070989904
"736","TAGCAACCTGTCACAA-1",1,0,0,0,0,0,0,0,0
"737","TAGCCGGCGGTCAGCG-1",0.250894309038851,0.671574644346247,0,0.077531046614902,0,0,0,0,0
"738","TAGCGTTGGGTCTTAC-1",0.311535816908669,0,0,0.522196044402917,0,0,0,0.166268138688414,0
"739","TAGCTAGAAGGCATGA-1",0.612416989058468,0.329207035647713,0,0.0583759752938188,0,0,0,0,0
"740","TAGCTCGCCTGATAAC-1",0,0,0,0,1,0,0,0,0
"741","TAGGCATGTTACGCCA-1",0,1,0,0,0,0,0,0,0
"742","TAGGGTGTTTCAAGAG-1",0.667238331690615,0.0269134683408934,0,0.305848199968492,0,0,0,0,0
"743","TAGGTCCAAGTAAGGA-1",0.630544191881184,0,0,0.292563633688724,0,0,0,0.0768921744300919,0
"744","TAGGTGCTCGCCTAGC-1",0.913817634534931,0.0070307447383943,0,0.0791516207266745,0,0,0,0,0
"745","TAGTCCGCAGAGAATG-1",0.847797215556429,0.0105645899416632,0,0.141638194501908,0,0,0,0,0
"746","TAGTCTAACAACGAGA-1",0.418324480724737,0,0,0.408189002559394,0,0.126715999307431,0.0467705174084377,0,0
"747","TAGTTTATTCTTGCTT-1",0.997577981976118,0.000901614831458141,0,0.00152040319242372,0,0,0,0,0
"748","TATAAATCCACAAGCT-1",0.993758828461486,0.00624117153851436,0,0,0,0,0,0,0
"749","TATAAGTGAGGATAGC-1",0.796275965428881,0,0,0.203724034571119,0,0,0,0,0
"750","TATACACAGACGCCTT-1",0.821549924748793,6.91818201794256e-19,0,0.149625168591824,0,0,0.0288249066593838,0,0
"751","TATACTCATGCGGCAA-1",0.84714508824559,0,0,0.15285491175441,0,0,0,0,0
"752","TATAGGGTACTCATGA-1",0.163456840575686,0,0,0.702170160776593,0,0,0,0.13437299864772,0
"753","TATATCATTGATCAGT-1",0.77574735765525,0,0,0.22425264234475,0,0,0,0,0
"754","TATCCTGCATGGGAAT-1",1,0,0,0,0,0,0,0,0
"755","TATCGATCTATGCATA-1",0.814071956898645,0,0,0.185928043101355,0,0,0,0,0
"756","TATCGATGATTAAACG-1",0.496425587003627,0,0,0.503574412996373,0,0,0,0,0
"757","TATCTACAGAGGTAAT-1",0.130613557861768,0,0,0.869386442138232,0,0,0,0,0
"758","TATCTACCACAGCGGG-1",0.854557797083269,0,0,0.132711805612615,0.0127303973041159,0,0,0,0
"759","TATCTAGCCTAAAGGA-1",1,0,0,0,0,0,0,0,0
"760","TATGAAGACAGGTGCG-1",0.629689726437234,0,0,0.370310273562766,0,0,0,0,0
"761","TATGCTCCCTACTTAC-1",0.830735071057834,0,0,0.169264928942166,0,0,0,0,0
"762","TATGTCTCATTGTGCC-1",0.890206248003871,0,0,0.109793751996129,0,0,0,0,0
"763","TATTCCACTCAGCTCG-1",0.485885535248045,0,0,0.514114464751955,0,0,0,0,0
"764","TATTTAGTCTAGATCG-1",0.558850567697521,0.441149432302479,0,0,0,0,0,0,0
"765","TATTTATACCGAGTAG-1",0.93468068772225,0.0653193122777498,0,0,0,0,0,0,0
"766","TATTTGTTACCCTTTA-1",0.800400546770074,0,0,0.199599453229926,0,0,0,0,0
"767","TCAAACAACCGCGTCG-1",0.841321327446175,0.00302632547307271,0,0.155652347080753,0,0,0,0,0
"768","TCAACCATGTTCGGGC-1",0.806027892586551,0,0,0.124509122151714,0,0,0.0694629852617346,0,0
"769","TCAACGAGGAGACAAA-1",0.72045334459388,0,0,0.27954665540612,0,0,0,0,0
"770","TCAACGCGACCGGCAG-1",0.399211876309247,0,0,0.600788123690753,0,0,0,0,0
"771","TCAACTAACGTATAAC-1",0.67065079388448,0,0,0.32934920611552,0,0,0,0,0
"772","TCACAGCAAACTCGAA-1",1,0,0,0,0,0,0,0,0
"773","TCACATCTTATCTGAT-1",0.824879113610053,0,0,0.175120886389947,0,0,0,0,0
"774","TCACCCTCTTAAGATT-1",0.888822384638178,0,0,0,0,0,0.111177615361822,0,0
"775","TCACCGCTCGGCACTC-1",0.357844775988536,0.162336513700371,0,0.479818710311093,0,0,0,0,0
"776","TCACGGTCATCGCACA-1",0.737067912663347,0,0,0.262932087336653,0,0,0,0,0
"777","TCAGACGCTATAGAAG-1",0.427477669142753,0,0,0.451194177177649,0,0,0.121328153679598,0,0
"778","TCAGGGTGTAACGTAA-1",0.82939969430333,0.0117144961174364,0.158885809579233,0,0,0,0,0,0
"779","TCAGTACTGACCCGCG-1",0.8637754988629,0,0,0.1362245011371,0,0,0,0,0
"780","TCATACTTACAGATCC-1",1,0,0,0,0,0,0,0,0
"781","TCATCACTCGAGCTCG-1",0.982682949950726,0.0017844467599215,0,0.0155326032893528,0,0,0,0,0
"782","TCATGCAGGTTCTCAT-1",0.978240867640539,0.0217591323594605,0,0,0,0,0,0,0
"783","TCCAACTTTAAATTCT-1",0,0,0,0.661565080961372,0.282297680641202,0,0,0.0561372383974262,0
"784","TCCACTTTATCTAGGT-1",1,0,0,0,0,0,0,0,0
"785","TCCAGAGCACCGGTTC-1",0.909093275701611,0,0,0.0909067242983893,0,0,0,0,0
"786","TCCCAAAGACGAAGGA-1",0.637863454739481,0.172752482081013,0,0.129667157901336,0,0,0.0597169052781703,0,0
"787","TCCCGCGTACTCCTGG-1",0.94134292471777,0.00998088730164582,0,0,0,0,0.0486761879805842,0,0
"788","TCCCGTCAGTCCCGCA-1",0.892528878201067,0,0,0.107471121798933,0,0,0,0,0
"789","TCCCGTGTGCAATTTG-1",0.797941775564459,0,0,0.202058224435541,0,0,0,0,0
"790","TCCGAACTTGGCTTAC-1",0.54943944622625,0,0,0.21253877519353,0,0,0,0.23802177858022,0
"791","TCCGATAATTGCCATA-1",0.9934227980438,0.00657720195619989,0,0,0,0,0,0,0
"792","TCCGATGACTGAGCTC-1",0.545867850706057,0,0,0.144933585841019,0,0,0.309038991911147,0,0.000159571541776677
"793","TCCGATGGTGCGACAT-1",0.741823818689109,0,0,0.164869698021167,0,0,0.0933064832897247,0,0
"794","TCCGCGGCAGCATCTG-1",0.552598371544238,0,0.310494653400479,0.136906975055283,0,0,0,0,0
"795","TCCGCTGTCATCCCGG-1",1,0,0,0,-3.22004723120134e-19,0,0,0,0
"796","TCCGGCCTAGCGTACA-1",0.879994636985706,0,0,0.120005363014294,0,0,0,0,0
"797","TCCGGTTCGTCCGGTC-1",0.88133633272995,0.00285980490878182,0,0.115803862361268,0,0,0,0,0
"798","TCCGTAACCACAATCC-1",0.970384175033912,0.000246017874350358,0,0.0293698070917381,0,0,0,0,0
"799","TCCTAGCAAAGAAGCT-1",0,0,0,0.804584876015189,0.119660783847178,0,0.0757543401376332,0,0
"800","TCCTCGGGCTGGGCTT-1",0.890967454407705,0,0,0.109032545592295,0,0,0,0,0
"801","TCCTCTACGAGATGGC-1",0.741905004863255,0,0,0.258094995136745,0,0,0,0,0
"802","TCCTCTCCAGTTGTCC-1",0.655908667519201,0,0,0.171448185990465,0,0,0,0.172643146490334,0
"803","TCCTGCGTTGATACTC-1",0.383335796785979,0,0,0.538189098421603,0,0,0,0.078475104792418,0
"804","TCCTTCAGTGGTCGAA-1",0,0.902812536106388,0,0.0971874638936119,0,0,0,0,0
"805","TCGCAAAGATGCATTT-1",0.657049941567837,0,0,0.213109532900009,0,0,0.129840525532154,0,0
"806","TCGCACCAGGAGGCAG-1",0.951230737076865,0.0487692629231349,0,0,0,0,0,0,0
"807","TCGCATCCCTAAGTGT-1",0.990948599478492,0.00905140052150846,0,0,0,0,0,0,0
"808","TCGCCGAAGTTGCGTC-1",0.81019928410103,0,0,0.18980071589897,0,0,0,0,0
"809","TCGCCGGTCGATCCGT-1",0.993457872995859,0.00654212700414091,0,0,0,0,0,0,0
"810","TCGCTGGGCGGATTGT-1",0.986115032249096,0.0138849677509037,0,0,0,0,0,0,0
"811","TCGCTTTAAACGTTTG-1",0.985558183801128,0.0144418161988722,0,0,0,0,0,0,0
"812","TCGGACGCCCAGCCCA-1",0.933190221339084,0,0,0,0,0,0.0668097786609158,0,0
"813","TCGGAGAGTATCGGGA-1",0.614593216576575,0.0854403547435814,0,0.299966428679843,0,0,0,0,0
"814","TCGGGATTCAAACATA-1",0.990758524491545,0.00924147550845462,0,0,0,0,0,0,0
"815","TCGTATTACCCATTGC-1",0.477155304883283,0,0,0.522844695116717,0,0,0,0,0
"816","TCGTCACACTGTTAGC-1",0.793300968083704,0,0,0.206699031916296,0,0,0,0,0
"817","TCGTCCGCTGGCGTCT-1",0.863986417752976,0,0,0.136013582247024,0,0,0,0,0
"818","TCGTGTACTATGGATG-1",0.504286036871136,0,0,0.272999942955493,0,0,0.222714020173372,0,0
"819","TCGTGTCACGCTGACA-1",1,0,0,0,0,0,0,0,0
"820","TCGTTAGGAGTCCCTA-1",0,1,0,0,0,0,0,0,0
"821","TCTACCGTCCACAAGC-1",0.496236431863181,0.311421570973817,0,0,0,0,0.192341997163002,0,0
"822","TCTAGCAATCTCCGCC-1",0,0,0,0.835392171295201,0.164607828704799,0,0,0,0
"823","TCTAGCATCTTCGATG-1",0.789418861449147,0.00510994838233306,0,0.20547119016852,0,0,0,0,0
"824","TCTAGCATGCCCAGAA-1",0.629484609041269,0,0,0.13114142733321,0,0,0.129255007641605,0.110118955983916,0
"825","TCTATCGGTCGCAACA-1",0.827954026438696,0,0,0.172045973561304,0,0,0,0,0
"826","TCTATTACGCTGGCGA-1",0,0.669436213370288,0,0.330563786629712,0,0,0,0,0
"827","TCTATTACTAGAGGAT-1",0.792429976069234,0,0,0.207570023930766,0,0,0,0,0
"828","TCTCCAACGTAGGTTA-1",0.990436528678223,0.00956347132177657,0,0,0,0,0,0,0
"829","TCTCTAATAGCTGGTA-1",0.606785875967822,0.00974153101623557,0,0.383472593015942,0,0,0,0,0
"830","TCTGAACCGGTCGGCT-1",0.726269000887058,0,0,0.273730999112942,0,0,0,0,0
"831","TCTGCCAGAAACTGCA-1",0.68322803111009,0,0,0.31677196888991,8.28692751766785e-21,0,0,0,0
"832","TCTGGGTAGCGCTCAT-1",0,0,0,0.955539844519935,0.0444601554800653,0,0,0,0
"833","TCTGTGCCATCATAGT-1",0.447189104054784,0.494708193969021,0,0,0,0,0.058102701976195,0,0
"834","TCTTACAGAGGTACCG-1",0.426340077093249,0.210382704835167,1.5592246698799e-19,0.00456567771234725,0,0,0.358711540359236,0,0
"835","TCTTACGGCATCCGAC-1",0.768488463360935,0,0,0.231511536639065,0,0,0,0,0
"836","TCTTCGAATAGACGTT-1",0,1,0,0,0,3.14437382756406e-24,0,0,0
"837","TCTTGGTAACACCAAA-1",0.779400182514393,0,0,0.220599817485607,0,0,0,0,0
"838","TGAAAGGACCTGACTC-1",0,1,0,0,0,0,0,0,0
"839","TGACGAATATTTCCCT-1",0.732259882482982,0,0,0.204611146187535,0,0.0631289713294836,0,0,0
"840","TGACTATAATCCTTTC-1",0,0.754111233431764,0,0.245888766568236,0,0,0,0,0
"841","TGAGAATGCTTTACCG-1",0,1,0,0,0,0,0,0,0
"842","TGAGCCATACAGTCTC-1",0,0,0,0.92188457923718,0.0396071745956903,0,0.0385082461671301,0,0
"843","TGAGCTTTAATGACGC-1",0.588945593973138,0.289007947976539,0,0.122046458050323,0,0,0,0,0
"844","TGAGTAAATTAGCGTA-1",0.455417418443365,0,0.208638876980231,0.109978522647911,0,0,0,0.225965181928492,0
"845","TGAGTGCCTCTTAAAT-1",0.717390684148097,0,0,0,0,0.147406774699675,0,0.135202541152227,0
"846","TGAGTGGTCCGTGACG-1",0.909106460125432,0,0,0.0298736365262556,0,0,0.0610199033483123,0,0
"847","TGATCAGGGAACTGCT-1",0.86468972244391,0,0,0.13531027755609,0,0,0,0,0
"848","TGATTCTGTCGCCGGT-1",0,0,1,0,0,0,0,0,-2.957262739188e-21
"849","TGATTTATTAGCTGTG-1",0.194839539932436,0,0,0.614292036593865,0,0,0,0.190868423473699,0
"850","TGATTTCCTCCTGACG-1",1,0,0,0,0,0,0,0,0
"851","TGCAGAACTATATCGT-1",0.842378439868285,0,0,0.157621560131715,0,0,0,0,0
"852","TGCAGATCGTCCTAGG-1",0.892406302987405,0,0,0.107593697012596,0,0,0,0,0
"853","TGCAGCTACGTACTTC-1",0.83593769504885,0,0,0.16406230495115,0,0,0,0,0
"854","TGCAGGATCGGCAAAG-1",1,0,0,0,0,0,0,0,0
"855","TGCATGGATCGGATCT-1",0.856091452723631,0,0,0.143908547276369,0,0,0,0,0
"856","TGCATGTGGTAATCTA-1",0.750392161862406,0,0,0.114506196528646,0,0,0.135101641608947,0,0
"857","TGCCAAAGTCAGACTT-1",0.888346006480923,0,0,0.111653993519077,0,0,0,0,0
"858","TGCCACCTGGCGAAAC-1",0.747531284900875,0,0,0.20466340151171,0,0,0.0478053135874152,0,0
"859","TGCCAGTACGTGGAGA-1",0.825091840863563,0.0992452864530843,0,0.0647104752757456,0,0,0.0109523974076066,0,0
"860","TGCCATTACTAAAGAA-1",1,0,0,0,0,0,0,0,0
"861","TGCCCGTACCGTTAAA-1",0.758861222976037,0,0,0,0.241138777023963,0,0,0,0
"862","TGCCTGATCAAACGAT-1",0.75836713275865,0,0,0.241632867241349,0,0,0,0,0
"863","TGCGACACCCTAGTGC-1",0.658122173258986,0.341877826741014,0,0,0,0,0,0,0
"864","TGCGATGCTAATGGCT-1",0,0.983056664194007,0.0169433358059931,0,0,0,0,0,0
"865","TGCGGAGTAAAGGTGC-1",0.818240958887547,0,0,0.181759041112452,0,0,0,0,0
"866","TGCGTAAGAACCTGAT-1",0,0,0,0.136908115443086,0.863091884556914,0,0,0,0
"867","TGCGTTTGTTGACACT-1",1,0,0,0,0,0,0,0,0
"868","TGCTGGTTGGACAATT-1",0.815271421627805,0,0,0.184728578372195,0,0,0,0,0
"869","TGGAAGACGAACACCA-1",0,0.691583905564114,0,0,0,0,0.224063104193864,0.0843529902420224,0
"870","TGGAAGGATAAAGATG-1",0.769383189863563,0,0,0.230616810136437,0,0,0,0,0
"871","TGGAATTAGACGCTTT-1",1,0,0,0,0,0,0,0,0
"872","TGGCAAACTAAATTAC-1",0.811180218144295,0,0,0.0111692390709008,0,0.0549390466701977,0.122711496114607,0,0
"873","TGGCAACTCGCGCGCC-1",0,1,0,0,0,0,0,0,0
"874","TGGCAGATTACGATCA-1",0.275319504535724,0.575810607966494,0,0.148869887497782,0,0,0,0,0
"875","TGGCAGCAGTAATAGT-1",0.744945496009104,0,0.116711692527171,0.138342811463725,0,0,0,0,0
"876","TGGCCAAACTGAAGTA-1",0.887500418425883,0.00979662376444455,0,0,0,0,0.102702957809673,0,0
"877","TGGCCGTATATTGACC-1",0.6263958796469,0,0,0.287787613015068,0,0,0.0858165073380329,0,0
"878","TGGCGATCAAGTTATG-1",0.973510234291139,0.0264897657088611,0,0,0,0,0,0,0
"879","TGGCTTTGGGTAGACA-1",1,0,0,0,0,0,0,0,0
"880","TGGGAAATGCCTTTCC-1",1,0,0,0,0,0,0,0,0
"881","TGGGCACGTTCTATGG-1",0,0.927115194118097,0,0.0728848058819031,0,0,0,0,0
"882","TGGGCCACAAGAGCGC-1",0.829779430478267,0,0,0.170220569521733,0,0,0,0,0
"883","TGGTCCCACGCTACGG-1",0.44565151169045,0.268373392616408,0,0.218207505303116,0,0,0.0677675903900265,0,0
"884","TGGTCTGTTGGGCGTA-1",0.332518042656471,0,0,0.591595149970137,0,0,0,0.0758868073733923,0
"885","TGGTGATCGTATTTGT-1",1,0,0,0,0,0,0,0,0
"886","TGGTTCGTAGCAAAGG-1",0.562713642043203,0,0,0.437286357956797,0,0,0,0,0
"887","TGTAATGACCACAATA-1",0.985170651193378,0.0148293488066218,0,0,0,0,0,0,0
"888","TGTACGAACAAATCCG-1",0.648254790077746,0,0,0.351745209922254,0,0,0,0,0
"889","TGTATAACAGATCCTG-1",1,0,0,0,0,0,0,0,0
"890","TGTCCGTGGCGCCTTT-1",0.466206247242124,0,0,0.346872766709565,0,0,0.186920986048311,0,0
"891","TGTGACTACGCCAGTC-1",0.54652059063136,0,0,0.234618304716745,0,0,0.218861104651895,0,0
"892","TGTGCTTTACGTAAGA-1",0.41801588416686,0,0,0.346283414349584,0,0,0,0.235700701483556,0
"893","TGTGGCAAAGCGTATG-1",0,0.75420929388856,0,0,0,0,0.195408315954838,0.0503823901566017,0
"894","TGTGTCGCGAGTTGCA-1",0.810493978718024,0,0,0.189506021281976,0,0,0,0,0
"895","TGTTCATAAATGTGCT-1",0.674240861169762,0.217578705640754,0,0.108180433189484,0,0,0,0,0
"896","TGTTCGTATTGCGGTG-1",0.968541518689671,0.031458481310329,0,0,0,0,0,0,0
"897","TGTTGTCAAGAAGTCT-1",0.681767051751652,0,0,0.177938105885236,0,0,0.140294842363111,0,0
"898","TGTTTCGGTACTTCTC-1",0.529939259468216,0.470060740531784,0,0,0,0,0,0,0
"899","TTAACACCTCGAACAT-1",0.807836907392376,0.192163092607624,0,0,0,0,0,0,0
"900","TTAACCAACCCTCCCT-1",1,0,0,0,0,0,0,0,0
"901","TTAATCAGTACGTCAG-1",0.821795121349075,0,0,0.178204878650925,0,0,0,0,0
"902","TTACAACTACGCATCC-1",1,0,0,0,0,0,0,0,0
"903","TTACAGACCTAAATGA-1",1,0,0,0,0,0,0,0,0
"904","TTACATCGTGGCCTGG-1",1,0,0,0,0,0,0,0,0
"905","TTACCCTAACAGTCCT-1",1,0,0,0,0,0,0,0,0
"906","TTACGGATGGTTCGAG-1",0.77629348671341,0.0361620790883569,0,0.187544434198234,0,0,0,0,0
"907","TTACTATCGGCTTCTC-1",1,0,0,0,0,0,0,0,0
"908","TTACTCCGGCCGGGAA-1",0.840927096219981,0,0,0,0,0,0.159072903780019,0,0
"909","TTACTCTGGTACGTAC-1",0.899763108162295,0,0,0.100236891837705,0,0,0,0,0
"910","TTACTGGGATATTTCA-1",0,0,0,0.172668447891492,0.827331552108508,0,0,0,0
"911","TTAGAAGAACATGACT-1",0.684893084579778,0,0,0.095293013481398,0,0,0.219813901938824,0,0
"912","TTAGCTCTGTAATCCG-1",1,0,0,0,0,0,0,0,0
"913","TTAGTAGGGCGGCGGG-1",0.310678232779159,0,0,0.573477520863778,0,0,0,0,0.115844246357064
"914","TTATATACGCTGTCAC-1",1,0,0,0,0,0,0,0,0
"915","TTATATTTGGCAATCC-1",0.940384570260724,0,0,0,0,0,0.0596154297392755,0,0
"916","TTATCGCCTGCGAAGC-1",0.777509413689963,0,0,0.222490586310037,0,0,0,0,0
"917","TTATCTGTATCATAAC-1",0.580920177217969,0,0,0.419079822782031,0,0,0,0,0
"918","TTATGAATGAAAGGGA-1",1,0,0,0,0,0,0,0,0
"919","TTATGATCTTAACGAA-1",1,0,0,0,0,0,0,0,0
"920","TTATGTTTGCGATAGA-1",0.924953365012701,0,0,0.0750466349872986,0,0,0,0,0
"921","TTATTAGAGCGTGTTC-1",0.687962925196803,0,0,0.312037074803197,0,0,0,0,0
"922","TTCAACGACCCGACCG-1",0.881241810497396,0.118758189502604,0,0,0,0,0,0,0
"923","TTCAATACTCTGAATC-1",0.822945506035069,0,0,0.177054493964931,0,0,0,0,0
"924","TTCACGAAAGGATCAC-1",0.630913776239299,0,0,0.369086223760701,0,0,0,0,0
"925","TTCAGCCCTGGTCCAC-1",0.864067834041581,0,0,0.135932165958419,0,0,0,0,0
"926","TTCAGGCGTCAAAGCC-1",1,0,0,0,0,0,0,0,0
"927","TTCAGTTTGTGGCAGC-1",0.465378471617993,0.423235243968168,0,0.111386284413839,0,0,0,0,0
"928","TTCATGGCGCAACAGG-1",0.765762302897647,0,0,0.234237697102353,0,0,0,0,0
"929","TTCCAATCTGGCTATC-1",0,0,0,0.296606629116995,0.348473814156282,0,0.354919556726723,0,0
"930","TTCCACACAGATTTGA-1",0.831554103438089,0.00923617092415238,0,0.159209725637759,0,0,0,0,0
"931","TTCCGCGTGAGGCGAT-1",0.76247147144015,0,0,0.23752852855985,0,0,0,0,0
"932","TTCCTCGAGGGTGTCT-1",0.613418289428759,0,0,0.26018339710625,0,0,0.126398313464991,0,0
"933","TTCCTCTGCCCGAATA-1",0.989227378182982,0.0107726218170177,0,0,0,0,0,0,0
"934","TTCGACAGAGCCCGTG-1",1,0,0,0,0,0,0,0,0
"935","TTCGACGGGAAGGGCG-1",0.927676663021201,0,0,0.0723233369787991,0,0,0,0,0
"936","TTCGCACTCGCGTGCT-1",0.907440228198995,0,0,0.0925597718010051,0,0,0,0,0
"937","TTCGGCTAGAGATGGT-1",0.686227096773138,0,0,0.176011125130887,0,0,0.137761778095975,0,0
"938","TTCTAACCGAAGCTTA-1",0.666535778840631,0.0768053703403264,0,0.256658850819043,0,0,0,0,0
"939","TTCTACTTGCGAGGGC-1",0.821868940122534,0,0,0.178131059877466,0,0,0,0,0
"940","TTCTAGGCCAATTGTG-1",0.858632887991637,0,0,0.141367112008363,0,0,0,0,0
"941","TTCTGCCGCGCCTAGA-1",0.546511146115751,0,0,0.453488853884249,0,0,0,0,0
"942","TTCTGCGAGCGCCCTT-1",0.604642370738775,0,0,0.395357629261225,0,0,0,0,0
"943","TTCTTGAGCCGCGCTA-1",0,0.808763895888639,0,0,0,0,0,0.191236104111361,0
"944","TTCTTGGAGTAATGAG-1",0.525466302126553,0.330331419205587,0,0.14420227866786,0,0,0,0,0
"945","TTCTTGTAACCTAATG-1",0.548873397197781,0.177986393033066,0,0.273140209769153,0,0,0,0,0
"946","TTCTTGTGTCCATCAG-1",0.840251057654252,0,0,0.159748942345748,0,0,0,0,0
"947","TTGAACGAATCCTTTG-1",0.846570078819064,0.000512440923136817,0,0.116247623725429,0,0,0.0366698565323702,0,0
"948","TTGACATGAACGTGGA-1",0.858484241227572,0.00934204242292379,0,0.132173716349504,0,0,0,0,0
"949","TTGACCATGTTCTCCG-1",0.746309505976208,0,0,0.213939909652129,0,0,0.0397505843716635,0,0
"950","TTGACTACCATATGGT-1",0,0,0,0,1,0,0,0,0
"951","TTGAGAGTACTGCTAA-1",0.772181169036756,0.00882397880523822,0,0.094354718218154,0,0,0,0.124640133939852,0
"952","TTGATGTGTAGTCCCG-1",0.498646837931122,0.404445766919301,0,0,0,0,0,0,0.0969073951495768
"953","TTGCACAATTCAGAAA-1",0.909293383494145,0,0,0.0907066165058553,0,0,0,0,0
"954","TTGCACGGAGCAGCAC-1",0.804323336249367,0.0062064527406535,0,0.189470211009979,0,0,0,0,0
"955","TTGCATGCTGATCACG-1",0,0,0,0.789102896029613,0.210897103970387,0,0,0,0
"956","TTGCGTAGTTTGAGGA-1",1,0,0,0,0,0,0,0,0
"957","TTGCTCCCATACCGGA-1",0.596313124708829,0,0,0.140003661247438,0,0,0.263683214043733,0,0
"958","TTGCTGAAGGAACCAC-1",0.993468679572856,0.00653132042714449,0,0,0,0,0,0,0
"959","TTGGACATGTGGCTTA-1",0.836115427545553,0,0,0.163884572454447,0,0,0,0,0
"960","TTGGATATCGTCTACG-1",0,0,0,0.21207385726507,0.78792614273493,0,0,0,0
"961","TTGGCCATCTTGCGCT-1",0.820622799977461,0,0,0,0,0.179377200022539,0,0,0
"962","TTGGCTCGCATGAGAC-1",0.924638505457217,0.013567540970646,0,0.0617939535721373,0,0,0,0,0
"963","TTGGGACACTGCCCGC-1",0.905073405457237,0.013059903759855,0,0,0,0.0818666907829076,0,0,0
"964","TTGGGCGGCGGTTGCC-1",0.991532078579291,0.00846792142070869,0,0,0,0,0,0,0
"965","TTGGTCACACTCGTAA-1",0.930824373850986,0.00758337253589122,0,0.0615922536131226,0,0,0,0,0
"966","TTGTAAGGACCTAAGT-1",0.671072082834071,0,0,0.214693306240383,0.114234610925546,0,0,0,0
"967","TTGTAAGGCCAGTTGG-1",0.897619859022349,0,0,0.102380140977651,0,0,0,0,0
"968","TTGTCGTTCAGTTACC-1",0.821724944856894,0,0,0.178275055143106,0,0,0,0,0
"969","TTGTGGCCCTGACAGT-1",0.99143899196553,0.00856100803446959,0,0,0,0,0,0,0
"970","TTGTGTTTCCCGAAAG-1",0.992584623817805,0.00741537618219538,0,0,0,0,0,0,0
"971","TTGTTAGCAAATTCGA-1",0.627761349630576,0,0.0912361231284511,0.281002527240973,0,0,0,0,0
"972","TTGTTCAGTGTGCTAC-1",0.830534808881064,0,0,0.169465191118936,0,0,0,0,0
"973","TTGTTGTGTGTCAAGA-1",0.778977245993101,0,0.0472303630307113,0.0612792529047736,0,0,0.112513138071414,0,0
"974","TTGTTTCCATACAACT-1",0.720074253209159,0,0,0.279925746790841,0,0,0,0,0
