"","cell_ID","SMCs_Fibroblasts_Hybrids","SMCs_maintype","SMCs_subtype","Macrophages_and_MDSCs","Fibroblasts","Mast_cells","Endothelial_cells","NK_and_T_cells","B_cells"
"1","AAACAAGTATCTCCCA-1",1,0,0,0,0,0,0,0,0
"2","AAACACCAATAACTGC-1",0.993409563274218,0.00659043672578189,0,0,0,0,0,0,0
"3","AAACAGAGCGACTCCT-1",0,1,0,0,0,0,0,0,0
"4","AAACATTTCCCGGATT-1",0,0.220207482518088,0,0.165638729543859,0.614153787938053,0,0,0,0
"5","AAACCCGAACGAAATC-1",0,0.349744754489435,0,0.189272994899615,0.410798167239202,0,0.0501840833717477,0,0
"6","AAACCGGAAATGTTAA-1",0,0.614482827540887,0.107556741900978,0.0665101771132092,0.211450253444926,0,0,0,0
"7","AAACCGTTCGTCCAGG-1",0.152348928480461,0.722706749361063,0,0.0162002165555863,0.10874410560289,0,0,0,0
"8","AAACTTGCAAACGTAT-1",0,0,0,0.089426355548258,0.680144144535186,0,0.230429499916556,0,0
"9","AAAGGCTCTCGCGCCG-1",0.095258817458449,0.904741182541551,0,0,0,0,0,0,0
"10","AAAGTAGCATTGCTCA-1",0,1,0,0,0,0,0,0,0
"11","AAAGTGTGATTTATCT-1",0.245874091450134,0.603099121577334,0,0,0.151026786972532,0,0,0,0
"12","AAATAACCATACGGGA-1",0.988864982778273,0,0.0111350172217269,0,0,0,0,0,0
"13","AAATAGGGTGCTATTG-1",-2.5021130356598e-18,0.619900371919464,0.145013066245213,0.131364661703196,0.103721900132128,0,0,0,0
"14","AAATGGCCCGTGCCCT-1",0.11516623654359,0.595762261412791,0,0.095940215493196,0.193131286550423,0,0,0,0
"15","AAATTACACGACTCTG-1",0.320333258514129,0.599127286507796,0,0,0,0,0.080539454978075,0,0
"16","AAATTACCTATCGATG-1",0,0.267073855297675,0,0,0.646570118960498,0,0.0863560257418269,0,0
"17","AAATTTGCGGGTGTGG-1",0,0.255344700630811,0,0.47633108622675,0.268324213142439,0,0,0,0
"18","AACAATACATTGTCGA-1",0,1,0,0,0,0,0,0,0
"19","AACAATTACTCTACGC-1",0,1,0,0,0,0,0,0,0
"20","AACACGAGACGCGGCC-1",0,0,0,0.180721423356566,0.819278576643434,0,0,0,0
"21","AACAGGATGGGCCGCG-1",0.380169634867505,0.533902223077718,0,0.039262093001924,0.0466660490528535,0,0,0,0
"22","AACAGGTAGTATGGAT-1",0,0.848133561673614,0,0,0.151866438326386,0,0,0,0
"23","AACCCGAGCAGAATCG-1",0.761412785637847,0.203471719171024,0,0,0.0351154951911293,0,0,0,0
"24","AACCGAGCTTGGTCAT-1",0.00215195379262809,0.704392475018377,0,0,0.293455571188995,0,0,0,0
"25","AACCGCTAAGGGATGC-1",0,0.613230117898364,-5.63390018338763e-19,0,0.386769882101636,0,0,0,0
"26","AACCGTTGTGTTTGCT-1",0,1,0,0,0,0,0,0,0
"27","AACCTTTACGACGTCT-1",0.445114873706886,0.485068508891968,0,0,0,0,0.069816617401146,0,0
"28","AACGCATGATCTGGGT-1",0,1,0,0,0,0,0,0,0
"29","AACGCTGTTGCTGAAA-1",0,0.953286039682815,0,0,0.0467139603171848,0,0,0,0
"30","AACGGACGTACGTATA-1",0,1,0,0,0,0,0,0,0
"31","AACGGCCATCTCCGGT-1",0,0,0,0.114776456595354,0.76490244537909,0,0.120321098025555,0,0
"32","AACGTACTGTGGGTAC-1",0,0.789128819676128,0,0,0.173365729170332,0,0.0375054511535392,0,0
"33","AACGTGATGAAGGACA-1",0,0.0829894560586946,0,0,0.917010543941305,0,0,0,-7.45810294698072e-21
"34","AACGTTATCAGCACCT-1",0,1,0,0,0,0,0,0,0
"35","AACTACCCGTTTGTCA-1",0,0.135777782326557,0,0.297563241024272,0.566658976649172,0,0,0,0
"36","AACTCCAGAGCGTGTT-1",0.109618321344054,0,0,0,0.890381678655946,0,0,0,0
"37","AACTCCTAATCCCATG-1",0,0.470204278219055,0.118580226970608,0,0.411215494810336,0,0,0,0
"38","AACTCTCAGTGTGCTC-1",0.386756110161437,0.392750461271862,0,0,0.220493428566701,0,0,0,0
"39","AACTGATATTAGGCCT-1",0,1,0,0,0,0,0,0,0
"40","AACTGGGTCCCGACGT-1",0.235847407042578,0.764152592957422,0,0,0,0,0,0,0
"41","AACTTCTGCGTCTATC-1",0.41135946363918,0.500913628180468,0,0,0,0,0.0877269081803521,0,0
"42","AACTTGCCCGTATGCA-1",0,1,0,0,0,0,0,0,0
"43","AAGACCCAACTGAACA-1",0.0493435571299101,0.780919771452884,0,0.037115306311493,0.132621365105713,0,0,0,0
"44","AAGAGGCCCTTTGGAA-1",0,1,0,0,0,0,0,0,0
"45","AAGATTGGCGGAACGT-1",0,0,0,0,1,0,0,0,0
"46","AAGCCGAAGCGGTTTA-1",0,1,0,0,0,0,0,0,0
"47","AAGGGACAGATTCTGT-1",0,0.56118450793465,0,0.124480377095996,0.254911523111326,0,0.0594235918580282,0,0
"48","AAGGTATCCTAATATA-1",0,0.371570901112689,0,0.0811321282723798,0.348165418426704,0,0.199131552188227,0,0
"49","AAGGTGATAAACCAGC-1",0.25628075464657,0.590609424477855,0,0,0.153109820875576,0,0,0,0
"50","AAGTCAATTGTCGTCA-1",0.356975599352879,0.643024400647121,0,0,0,0,0,0,0
"51","AAGTGAGTCGGGTTTA-1",0,1,0,0,0,0,0,0,0
"52","AAGTGCCTTGACTGTA-1",0,0,0,0.164944013757336,0.375888772550151,0,0.459167213692513,0,0
"53","AAGTGCGTTAGAATCT-1",0.0863546048448518,0.557276972931295,0,0.136018079437059,0.220350342786794,0,0,0,0
"54","AAGTGTTTGGAGACGG-1",0,1,0,0,0,0,0,0,0
"55","AAGTTCACTCCAAGCT-1",0,0.336594898019753,0,0,0.663405101980247,0,0,0,0
"56","AAGTTCAGTCTGCGTA-1",0,1,0,0,0,0,0,0,0
"57","AAGTTCGGCCAACAGG-1",0,0,0,0.300968317528965,0.699031682471035,0,0,0,0
"58","AATAACACTAGAACAA-1",0.270810370336189,0.648616946979017,0,0,0.080572682684794,0,0,0,0
"59","AATAATCTTCGTATCG-1",0,0.916659587022193,2.48316330928611e-18,0,0.0833404129778073,0,0,0,0
"60","AATAGAACAGAGTGGC-1",0.450156556003103,0.53141682670064,0,0,0,0,0.0184266172962569,0,0
"61","AATAGAATCTGTTTCA-1",0.307108961634634,0.692891038365366,0,0,0,0,0,0,0
"62","AATAGTCGCGAGTCGG-1",0.564544956233725,0.334680981916311,0,0.0460466646823005,0.0547273971676639,0,0,0,0
"63","AATATCGAATCAATGC-1",0,1,0,0,0,0,0,0,0
"64","AATCTAGGTTTACTTG-1",0.400340723126872,0.520960125346473,0,0,0,0,0.0786991515266554,0,0
"65","AATCTGGCTTTCTAGT-1",0,1,0,0,0,0,0,0,0
"66","AATGACAGCAATGTCT-1",0,0.583994224369782,0,0.154538918092462,0.242753398465755,0,0.0187134590720003,0,0
"67","AATGATGATACGCTAT-1",0,1,0,0,0,0,0,0,0
"68","AATGATGCGACTCCTG-1",0.057590462022048,0.855788514756934,0,0,0,0.0866210232210182,0,0,0
"69","AATTACTCGTACGCTC-1",0.095723080158246,0.545022591224434,0,0.0456163335603149,0.313637995057005,0,0,0,0
"70","AATTCATAAGGGATCT-1",0.565481186729471,0.406900660376288,0,0,0.027618152894241,0,0,0,0
"71","AATTGAACGCTCTGGT-1",0,0.852259539240627,0,0,0.147740460759373,0,0,0,0
"72","AATTTGGGACATAGTA-1",0.134757828368271,0.731703196779901,0,0.0275873251766867,0.105951649675142,0,0,0,0
"73","AATTTGGTTCCAAAGA-1",0.29357840798651,0.595637100681877,0,0,0.110784491331613,0,0,0,0
"74","ACAAATCGCACCGAAT-1",0,1,0,0,0,0,0,0,0
"75","ACAACGGTCCCTGCGA-1",0.36783152440747,0.44021427629539,0,0,0.191954199297139,0,0,0,0
"76","ACAAGCAGTGCCTAGC-1",0.481195759508352,0.357449205272412,0,0.0570824434154601,0.104272591803777,0,0,0,0
"77","ACACACCAGGACCAGT-1",0,0.896474866144476,0,0,0.103525133855524,0,0,0,0
"78","ACACACTTTCTACACG-1",0,1,0,0,0,0,0,0,0
"79","ACACATTGACGCAACA-1",0,0.176545982399548,0,0.160300034000648,0.663153983599804,0,0,0,0
"80","ACACGTAGGCCACAAG-1",0,1,5.01940494153175e-19,0,0,0,0,0,0
"81","ACACTCCAATGTCACT-1",0,1,0,0,0,0,0,0,0
"82","ACACTGATCAAGGTGT-1",0.0601868165124293,0.437561881610884,0,0,0.502251301876687,0,0,0,0
"83","ACACTGGGACAGTCGT-1",0,0.797894009956478,0,0,0.202105990043522,0,0,0,0
"84","ACAGAACTGAGAACAA-1",0,1,0,0,0,0,0,0,0
"85","ACAGCGACATTCTCAT-1",0,0.780463325020094,0,0,0.219536674979906,0,0,0,0
"86","ACAGCGCACCCGCAGC-1",0.144876085227684,0.497283455762738,0,0,0.357840459009578,0,0,0,0
"87","ACAGGCTTGCCCGACT-1",0,1,0,0,0,0,0,0,0
"88","ACAGGTGGAGGTGAGG-1",0.272178052259459,0.603608435998578,0,0,0.124213511741962,0,0,0,0
"89","ACCAACGCTTATTTAT-1",0.137654910064067,0.628305116463883,0,0,0.23403997347205,0,0,0,0
"90","ACCACTGTTCAAGAAG-1",0,1,0,0,0,0,0,0,0
"91","ACCAGTGCGGGAGACG-1",0.222145759892614,0.777854240107386,0,0,0,0,0,0,0
"92","ACCCATTTGTCCCTCT-1",0,0.662710508871532,0,0,0.337289491128468,0,0,0,0
"93","ACCCGAGCGAAATTAC-1",0,1,0,0,0,0,0,0,0
"94","ACCCGTGTCATCAGTA-1",0.00301232084412492,0.794884390159791,0,0,0.202103288996085,0,0,0,0
"95","ACCCTATAGGACTGAG-1",0,0,0,0.0770112732063873,0.712414555010697,0,0.210574171782916,0,0
"96","ACCCTATGCCATATCG-1",0.802219936808586,0.197780063191414,0,0,0,0,0,0,0
"97","ACCCTCCCTTGCTATT-1",0,1,0,0,0,0,0,0,0
"98","ACCCTTCATCTGCGAA-1",0.39758888449116,0.60241111550884,0,0,0,0,0,0,0
"99","ACCGATAGGCATAACC-1",0,0.942337219814976,0.0576627801850239,0,0,0,0,0,0
"100","ACCGATATTTAATCAT-1",0,0.603958937734648,0.396041062265352,0,0,0,0,0,0
"101","ACCGCAATAACTGCCT-1",0,1,0,0,0,0,0,0,0
"102","ACCGCGGTGGAAGTCG-1",0,0.341890047223696,0,0.172605324518001,0.485504628258303,0,0,0,0
"103","ACCGGGCCTTTGTTGA-1",0.197143617879507,0.572711592776694,0,0.0775955270850192,0.15254926225878,0,0,0,0
"104","ACCGTGACCACGTGGG-1",0,1,0,0,0,0,0,0,0
"105","ACCTAAGTACCTTTCA-1",0,1,0,0,0,0,0,0,0
"106","ACCTGCGTGTCATGTT-1",0,0,0,0.236618435214537,0.763381564785463,0,0,0,0
"107","ACGACTGGTCATACTC-1",0,0.280835060146891,0,0.0248917894664801,0.694273150386629,0,0,0,0
"108","ACGAGGATACCACTCT-1",0.498697929133099,0.395814726638427,0,0,0.105487344228474,0,0,0,0
"109","ACGATACATAGAACTA-1",0.012822434965307,0.941604838769694,0,0,0.0455727262649992,0,0,0,0
"110","ACGATGGATCCGATGC-1",0,0.192766106856487,0,0,0.807233893143513,0,0,0,0
"111","ACGCAAACTAATAGAT-1",0,1,0,0,0,0,0,0,0
"112","ACGGAATTTAGCAAAT-1",0,0.279566916525357,0,0.241434489312601,0.478998594162042,0,0,0,0
"113","ACGGAGCGCAAATTAC-1",0,0.606602549383888,0,0,0.363176956420324,0,0.0302204941957877,0,0
"114","ACGGCGACGATGGGAA-1",0,0.282245674332069,0,0.0934539463741011,0.62430037929383,0,0,0,0
"115","ACGGGAGTGTCGGCCC-1",0,0.683151760440794,0,0.119121231759481,0.16723049359746,0,0.0304965142022647,0,0
"116","ACGTGCGCCTCGTGCA-1",0.0016970773393776,0.7180930890451,0,0,0.280209833615522,0,0,0,0
"117","ACTAGTTGCGATCGTC-1",0.420383144050671,0.579616855949329,0,0,0,0,0,0,0
"118","ACTCCAATATCATCAT-1",0,1,0,0,0,0,0,0,0
"119","ACTCCCATTCCTAAAG-1",0,0,0,0,0.50783165207089,0,0.49216834792911,0,0
"120","ACTCGTAACCCGTCCT-1",0,0,0,0.132975848692428,0.375707866812137,0,0.491316284495435,0,0
"121","ACTGAAACGCCGTTAG-1",0,1,0,0,0,0,0,0,0
"122","ACTGAATGGCGAAAGT-1",0.0013207356535225,0.917490452769388,0,0,0.0811888115770894,0,0,0,0
"123","ACTTATTTATGTGCCA-1",0.336799240288038,0.477992826000702,0,0.0237828916947707,0.161425042016489,0,0,0,0
"124","ACTTCAGGCTGATCCC-1",0,1,0,0,0,0,0,0,0
"125","ACTTTGTCGACGCACT-1",0,0.850080713884937,0,0,0.149919286115063,0,0,0,0
"126","AGAAATTATGACTCGC-1",0,1,0,0,0,0,0,0,0
"127","AGAAGGTACACTTCAC-1",0,1,0,0,0,0,0,0,0
"128","AGAAGTGATTCGTGAT-1",0,0.48766656949948,0,0.0726603994837539,0.439673031016766,0,0,0,0
"129","AGAATTGTTTGACATA-1",0.373014736014564,0.40807093519471,0,0,0.218914328790726,0,0,0,0
"130","AGACAGCTCAGAATCC-1",0.54241926633382,0.45758073366618,0,0,0,0,0,0,0
"131","AGACAGGCATCTCAGC-1",0,0.614506551635338,0,0,0.282819931959703,0,0.102673516404959,0,0
"132","AGACCATGGGATACAA-1",0,1,0,0,0,0,0,0,0
"133","AGACCGCTCCGCGGTT-1",0,0.89620082390964,0.10379917609036,0,0,0,0,0,0
"134","AGACGAAGTGCCGGTC-1",0,1,0,0,0,0,0,0,0
"135","AGACGACGATGCCGCT-1",0.434139813618094,0.565860186381906,0,0,0,0,0,0,0
"136","AGACTGTTACCGGGTC-1",0,1,0,0,0,0,0,0,0
"137","AGAGAACCGTCTAGGA-1",0,0.517814985341809,0,0,0.482185014658191,0,0,0,0
"138","AGAGCAGTTATGAGAC-1",0.314503982873294,0.119522271550331,0,0.199763267471959,0.366210478104416,0,0,0,0
"139","AGAGCCGCCGAGATTT-1",0.0346535847306154,0.816482287270661,0,0,0.148864127998724,0,0,0,0
"140","AGAGCGGGCTAATCAT-1",0,1,0,0,0,0,0,0,0
"141","AGAGCGTACAAGCTCG-1",0.358183736275979,0.497865248889471,0,0,0,0,0.14395101483455,0,0
"142","AGAGCTACGAAAGCAT-1",0,0.512563947594564,0,0.138289353019949,0.258268843663862,0,0.090877855721625,0,0
"143","AGAGTAAACTTCACTA-1",0.252810011514822,0.747189988485178,0,0,0,0,0,0,0
"144","AGATACTCAAGATCGA-1",0,0.824487339248139,0,0,0.175512660751861,0,0,0,0
"145","AGATCGTGCATAAGAT-1",0.452048832101936,0.547951167898064,0,0,0,0,0,0,0
"146","AGATGAGGGTTGCGAT-1",0,0.525495608465035,0,0,0.474504391534965,0,0,0,0
"147","AGATGCTATAACGAGC-1",0,1,0,0,0,0,0,0,0
"148","AGCACTACCTCACCAG-1",0,1,0,0,0,0,0,0,0
"149","AGCCACTCCCGTGCTT-1",0.413304264655081,0.475583593379284,0,0,0.111112141965635,0,0,0,0
"150","AGCCCGGTAGCCTGTA-1",0.215580064057939,0.784419935942061,0,0,0,0,0,0,0
"151","AGCCCTAAGCGAAGTT-1",0,1,0,0,0,0,0,0,0
"152","AGCCCTTCTAATCCGA-1",0,0.760070682552455,0,0.0667454202053655,0.173183897242179,0,0,0,0
"153","AGCCGCTTGATTAGCG-1",0,1,0,0,0,0,0,0,0
"154","AGCCGTGGCTAAATGT-1",0.0103284809228149,0.989671519077185,0,0,0,0,0,0,0
"155","AGCCTAATACCCACGT-1",0,1,0,0,0,0,0,0,0
"156","AGCGACAGGAACGGTC-1",0.302538882215865,0.697461117784135,0,0,0,0,0,0,0
"157","AGCGCATAATGAATCG-1",0,0.844633866674461,0,0,0.146604327644176,0,0.0087618056813632,0,0
"158","AGCGCGGGTGCCAATG-1",0.153172702745379,0.460618755743237,0,0.03981420807304,0.277891816022884,0,0.0685025174154599,0,0
"159","AGCTAACAAGCAATGT-1",0,1,0,0,0,0,0,0,0
"160","AGCTAGAAGCAGAAGT-1",0.135792662902348,0.864207337097653,0,0,0,0,0,0,0
"161","AGCTCCATATATGTTC-1",0,0.81191600713214,0,0,0.18808399286786,0,0,0,0
"162","AGCTCCTTCGCACATC-1",0.456393621364019,0.543606378635981,0,0,0,0,0,0,0
"163","AGCTGAAGTAAACCAA-1",1,0,0,0,0,0,0,0,0
"164","AGGACGCTCGATGTTG-1",0,1,0,0,0,0,0,0,0
"165","AGGATATAGGGATTTA-1",0.383049749135905,0.539472437575972,0,0,0.0774778132881224,0,0,0,0
"166","AGGCACGTGACTGTCC-1",0,1,0,0,0,0,0,0,0
"167","AGGCAGATGCGTAAAC-1",0,0.196107882752628,0,0,0.803892117247372,0,0,0,0
"168","AGGCAGGGAGCGTACT-1",0.323764610579483,0.676235389420517,0,0,0,0,0,0,0
"169","AGGCATTGTCGTAGGG-1",0.155293621428895,0.844706378571105,0,0,0,0,0,0,0
"170","AGGCCCTAGAACGCCA-1",0,0,0,0.216641438199142,0.604783883236079,0,0.178574678564778,0,0
"171","AGGCGATAACTGGCGT-1",0,0.88122309270307,0,0,0.11877690729693,0,0,0,0
"172","AGGCGGTTTGTCCCGC-1",0,0.786739957794164,0.213260042205836,0,0,0,0,0,0
"173","AGGCTATGGTTAGCTT-1",0,1,0,0,0,0,0,0,0
"174","AGGCTTCCCGAAGAAG-1",0,0,0,0.188488328254459,0.320634749137894,0,0.490876922607647,0,0
"175","AGGCTTGCTAGACACC-1",0.911111810862311,0.00691886698481287,0,0,0,0,0.0819693221528767,0,0
"176","AGGGAAACGAGGTACT-1",0,1,0,0,0,0,0,0,0
"177","AGGGACTCTACGCGAC-1",0.171284862455826,0.735450409292503,0,0,0,0,0.0932647282516711,0,0
"178","AGGGCGAGCAGCTGAT-1",0,0,0,0,0.887613361116585,0,0.112386638883415,0,0
"179","AGGTACGATATTGCCA-1",0,1,0,0,0,0,0,0,0
"180","AGGTAGATCGAGATAT-1",0.000895556341249059,0.438182219552394,0.00403311996099639,0,0.556889104145361,0,0,0,0
"181","AGGTCAGGTGAGAGTG-1",0,0,0,0,1,0,0,0,0
"182","AGGTTGAGGCACGCTT-1",0,0.752880859279673,0,0.102861695390129,0.144257445330199,0,0,0,0
"183","AGTAATGTCTTGCCGC-1",0,0.350669932966403,0,0.293204219695161,0.356125847338436,0,0,0,0
"184","AGTACGGGCACCTGGC-1",0,0.526542248892748,0,0.0776069946834519,0.390689238176434,0,0.0051615182473654,0,0
"185","AGTACTCTTATGCCCA-1",0.0149416370820857,0.711246031488487,0,0,0.273812331429428,0,0,0,0
"186","AGTAGGAAGGAAGTTG-1",0,1,0,0,0,0,0,0,0
"187","AGTATTTGGCACGACC-1",0,1,0,0,0,0,0,0,0
"188","AGTCAAGATGACACTT-1",0,1,0,0,0,0,0,0,0
"189","AGTCAGCCACCGCCTG-1",2.3997680248127e-18,0.479873905051733,0,0.063488489705995,0.456637605242272,0,0,0,0
"190","AGTCGGCTCAACTTTA-1",0,0.460201260407231,0,0.036409694358791,0.503389045233978,0,0,0,0
"191","AGTCGTCGACCACCAA-1",0,0.837809151645566,0,0,0.161952489276028,0,0,0,0.000238359078406241
"192","AGTCGTGGGCATTACG-1",0,1,0,0,0,0,0,0,0
"193","AGTCTGGACATCCTTG-1",0.154821735920561,0.84517826407944,0,0,0,0,0,0,0
"194","AGTGAACAAACTTCTC-1",0.407475995089589,0.351683388200789,0,0.0506696962010866,0.190170920508535,0,0,0,0
"195","AGTGATAACCTGCGCG-1",0.0575592747807655,0.482092215400103,0,0,0.460348509819131,0,0,0,0
"196","AGTGGCGGCAATTTGA-1",0.10602170333804,0.527557370774799,0,0.0622266944390832,0.304194231448078,0,0,0,0
"197","AGTGTATTGCGCATTG-1",0.330575179152352,0.610364538812822,0,0,0,0,0.059060282034826,0,0
"198","AGTGTGCTAAGATCGC-1",0.537389078286065,0.38229874946726,0,0,0,0,0.0803121722466745,0,0
"199","AGTTAAGTCAACCGCT-1",0,1,0,0,0,0,0,0,0
"200","AGTTACCGCACATGGT-1",0.625134061626337,0.0866770264550657,0,0.188841304620967,0.0993476072976298,0,0,0,0
"201","AGTTACTCTATCGTGG-1",0.344107265729211,0.593167754297035,0,0,0,0,0.0627249799737536,0,0
"202","AGTTCACCGGTTGGAC-1",0.499137650208007,0.500862349791993,0,0,0,0,0,0,0
"203","AGTTCTGCGTTGTATC-1",0,0,0,0.213790350552958,0.786209649447042,0,0,0,0
"204","AGTTGCTGACTGATAT-1",0.415201043565224,0.455826771470263,0,0,0.128972184964513,0,0,0,0
"205","AGTTTCGCAGGTCGGA-1",0,0.579797872564293,0,0.194602422201144,0.225599705234563,0,0,0,0
"206","AGTTTGGCACGGGTTG-1",0.170865353670284,0.342741165857507,0,0.0257284025935564,0.460665077878652,0,0,0,0
"207","AGTTTGGCCAGACCTA-1",0,0.356675578809634,0,0.415329119125896,0.22799530206447,0,0,0,0
"208","ATAAACGTTGCACCAC-1",0.124053785868457,0.78323919099153,0,0,0.0927070231400129,0,0,0,0
"209","ATAATACCGTTAGCCG-1",0,1,0,0,0,0,0,0,0
"210","ATAATAGTGTAGGGAC-1",0,0.363538650406406,0,0.0617513683193946,0.574709981274199,0,0,0,0
"211","ATACGGGTTTCGATTG-1",0,1,0,0,0,0,0,0,0
"212","ATACGTCCACTCCTGT-1",0.512246750808925,0.272679732257333,0,0.0553796791776494,0.159693837756093,0,0,0,0
"213","ATACTACCCGTACCAC-1",0,0.787678160756406,0.0199086303419696,0,0.192413208901624,0,0,0,0
"214","ATAGGCTAGCTTCGCA-1",0.0844378885851054,0.641187182779718,0,0.053275790267557,0.22109913836762,0,0,0,0
"215","ATAGGGATATCCTTGA-1",0,0.627638784757981,0.236780688388078,0,0.135580526853941,0,0,0,0
"216","ATATCGTTCCTCGAAC-1",0,1,0,0,0,0,0,0,0
"217","ATATTATCCCGTATTT-1",0,0.341806940513257,0,0.184205840545281,0.473987218941462,0,0,0,0
"218","ATATTCCACATAGTGA-1",0,0.411707299837822,0,0.088459266366049,0.499833433796129,0,0,0,0
"219","ATATTGGAGAGGCCTT-1",0,1,0,0,0,0,0,0,0
"220","ATCAAACGAAGGTTTG-1",0,0.511181507143691,0,0,0.488818492856309,0,0,0,0
"221","ATCACATTAGAATATC-1",1,0,0,0,0,0,0,0,0
"222","ATCACGTGCTAATTAA-1",0,0.707977217842038,0,0.102497004170041,0.189525777987921,0,0,0,0
"223","ATCACTTCATCCTCGC-1",0,0.574879034069264,0,0,0.425120965930736,0,0,0,0
"224","ATCAGCCTCATGCTGC-1",0,0.278077904289,0,0,0.721922095711,0,0,0,0
"225","ATCAGTAGGCAGGGAT-1",0.193251323327371,0.430555809999941,0,0.045267076317901,0.330925790354787,0,0,0,0
"226","ATCGCCAGTCAACATT-1",0,0.493229687953424,0,0,0.506770312046576,0,0,0,0
"227","ATCGGAGACAGACGGC-1",0,0.182817742843841,0,0.0918232508955242,0.225751598022335,0,0.499607408238299,0,0
"228","ATCGTCCAATCGAGTC-1",0,0.251186390911235,0,0.380535329125022,0.368278279963744,0,0,0,0
"229","ATCGTTAGCTAGCGGA-1",0,1,0,0,0,0,0,0,0
"230","ATCTAACGTCCCTATG-1",0,0.406169872362978,0,0.145657952266445,0.448172175370577,0,0,0,0
"231","ATCTCCCACGGAATAT-1",0,0.507898096879978,0,0.077096048185293,0.41500585493473,0,0,0,0
"232","ATCTCGTGAGCGAAAC-1",0,1,0,0,0,0,0,0,0
"233","ATCTGACATGGAAGGA-1",0,1,0,0,0,0,0,0,0
"234","ATGACGCGTTCTATCC-1",0,1,0,0,0,0,0,0,0
"235","ATGACTATCAGCTGTG-1",0,1,0,0,0,0,0,0,0
"236","ATGACTATGCGACATT-1",0.333345822774662,0.666654177225338,0,0,0,0,0,0,0
"237","ATGAGGAGTGTTAATC-1",0.182926736770475,0.521066360484985,0,0,0.29600690274454,0,0,0,0
"238","ATGCACCTTCCTTAAT-1",0,1,0,0,0,0,0,0,0
"239","ATGCCAATCGCTCTGC-1",0,0.416817648527107,0,0.210007362427908,0.373174989044985,0,0,0,0
"240","ATGCCATTTGCGACCA-1",0,0.482741795301247,0,0,0.517258204698753,0,0,0,0
"241","ATGCGAGTCCCACCAC-1",0.451371990431121,0.322229231508341,0,5.91837348972133e-06,0.226392859687048,0,0,0,0
"242","ATGCTCAGTGTTGCAT-1",0.219129028286512,0.430227090675351,0,0,0.350643881038136,0,0,0,0
"243","ATGGGACCTGCTGAAC-1",0,1,0,0,0,0,0,0,0
"244","ATGGGCCTCGGCCTCT-1",0.157784352295072,0.611784253343582,0,0,0.230431394361347,0,0,0,0
"245","ATGGTCGCGTGGTTTC-1",0.350185824709954,0.513975609491709,0,0,0.135838565798337,0,0,0,0
"246","ATGTCATTTCCCATTG-1",0,1,0,0,0,0,0,0,0
"247","ATGTGAAAGCCTAATG-1",0,0.39796119764252,0,0.183567285935879,0.418471516421601,0,0,0,0
"248","ATTAACACCTGAGATA-1",0.434337260165224,0.341104955206094,0,0.0925305545273568,0.132027230101326,0,0,0,0
"249","ATTAATACTACGCGGG-1",0,0.490489107189187,0,0.0864945803035944,0.396444701473852,0,0.0265716110333668,0,0
"250","ATTAATGAACCAGTCG-1",0.265966941156559,0.632739875445285,0,0,0.101293183398155,0,0,0,0
"251","ATTAATTCGGTCACTC-1",0.179662694539731,0.713067221089166,0,0,0,0,0.107270084371103,0,0
"252","ATTACAACTACCGGCC-1",0.328341054096834,0.421708153116834,0,0.0618282500114207,0.188122542774911,0,0,0,0
"253","ATTACATGTCAGTCTT-1",0,1,0,0,0,0,0,0,0
"254","ATTACCACACTGCCTG-1",0,0,0.219777375863343,0,0.780222624136658,0,0,0,0
"255","ATTACTTACTGGGCAT-1",0,1,0,0,0,0,0,0,0
"256","ATTCAAAGTACCTGTT-1",0,0.293300063593504,0,0.141928580665714,0.516761379579216,0,0.0480099761615667,0,0
"257","ATTCAACCATTTAAGG-1",0,1,0,0,0,0,0,0,0
"258","ATTGTTCAACGATCCG-1",0,1,0,0,0,0,0,0,0
"259","ATTTGCGCGAGTAGCT-1",0.993001136931454,0.00699886306854659,0,0,0,0,0,0,0
"260","ATTTGTTCCAGGGCTC-1",0,1,0,0,0,0,0,0,0
"261","CAAACTACGATAGAGA-1",0,1,0,0,0,0,0,0,0
"262","CAAACTATTGAGCTTC-1",0.472433679069168,0.288544480641438,0,0.0926026685918684,0.146419171697525,0,0,0,0
"263","CAAACTCGCGACGCCG-1",0,0.358376995627438,0,0.161305403027799,0.330469374416176,0,0.149848226928587,0,0
"264","CAAAGTCAGGTTAGCT-1",0.122737815619901,0.315206836932867,0,0.19595607327703,0.366099274170202,0,0,0,0
"265","CAAATCTCTCACAAGG-1",0,0,0,0.231446876250551,0.527241055155154,0,0.241312068594294,0,0
"266","CAACCGCACCTAGACA-1",0.432881818942199,0.567118181057801,0,0,0,0,0,0,0
"267","CAACTGCTCATCCGAT-1",1.60447935467343e-18,0.863235554765759,0,0,0.136764445234241,0,0,0,0
"268","CAAGATATTATAACGT-1",0.187941490703547,0.733214277951116,0,2.50393687494094e-20,0.0788442313453372,0,0,0,0
"269","CAAGCACCAAATGCCT-1",0,1,0,0,0,0,0,0,0
"270","CAATATTCTTGACCTA-1",0,1,0,0,0,0,0,0,0
"271","CAATCCCTATACCAGC-1",0.409797362956951,0.590202637043049,0,0,0,0,0,0,0
"272","CAATCCTGCCGTGGAG-1",0,0.214895274473941,0,0.51577243377029,0.269332291755769,0,0,0,0
"273","CAATGCGAGAAGTATC-1",0.0329699053332326,0.573572757090628,0,0.0627212018205967,0.330736135755543,0,0,0,0
"274","CACACAGCTTGCGCTC-1",0,0.288102831288326,0,0.102462970263212,0.609434198448463,0,0,0,0
"275","CACAGGGCCATATAGT-1",0,1,0,0,0,0,0,0,0
"276","CACAGTCCCGCTTCGC-1",0,0.868375036655464,0,0.131624963344536,0,0,0,0,0
"277","CACATCGTGCACGCGC-1",0.462264597426977,0.43498078487302,0,0,0,0,0.102754617700003,0,0
"278","CACATTTCTTGTCAGA-1",0,0.53875043143055,0,0.21059457348732,0.250654995082131,0,0,0,0
"279","CACCAGTCAGCATGCA-1",1,0,0,0,0,0,0,0,0
"280","CACCCACGAGGCAATT-1",0.13182957854242,0.74141960890341,0,0,0,0,0.12675081255417,0,0
"281","CACCCGGTTTGTGACT-1",0.253988668160088,0.728005018817378,0,0.0180063130225334,0,0,0,0,0
"282","CACCCTTGGTGAGACC-1",0,1,0,0,0,0,0,0,0
"283","CACCGATACACCGAGC-1",0,0.437390033032463,0,0,0.562609966967537,0,0,0,0
"284","CACCGCGTCCACTCTA-1",0,0.463054736346575,0,0.0653548685417757,0.471590395111649,0,0,0,0
"285","CACCGTTAGGGATCAC-1",0,1,0,0,0,0,0,0,0
"286","CACCGTTGCGCGATAT-1",0,0.583857238164132,0,0.0614104672486414,0.354732294587227,0,0,0,0
"287","CACCTAATCAGTTTAC-1",0,1,0,0,0,0,0,0,0
"288","CACCTCGATGGTGGAC-1",0,1,0,0,0,0,0,0,0
"289","CACCTTGCGAAACTCG-1",0.0110961727701727,0.573504555717224,0,0,0.415399271512603,0,0,0,0
"290","CACGGCGCGCCAAAGG-1",0,0.470915540012008,0,0,0.529084459987992,0,0,0,0
"291","CACGTCGGCAACCTCT-1",0.023101755817842,0.538647809950423,0,0.123731779623239,0.314518654608496,0,0,0,0
"292","CACGTCGGGTTCTAGA-1",0.676349243993473,0.323650756006527,0,0,0,0,0,0,0
"293","CACGTTTCGTACACAC-1",0,1,0,0,0,0,0,0,0
"294","CACTACGGGAGCTGCC-1",0.182740274851532,0.783445328466463,0,0,0.0338143966820049,0,0,0,0
"295","CACTCAGCTCTTGAGG-1",0.135444714858518,0.742702547585109,0,0.0416473909562754,0.0802053466000976,0,0,0,0
"296","CACTCTTCTGCTAGCC-1",0,0.740801162105288,0.149023718814632,0,0.11017511908008,0,0,0,0
"297","CACTTCGTCTTATCTC-1",0.577873921552484,0.165265747352787,0,0.0684603327044155,0.161189775616084,0,0.0272102227742299,0,0
"298","CAGAACTTAGCCCTCT-1",0,1,0,0,0,0,0,0,0
"299","CAGACACCGATCGCTG-1",0,0.458903204917197,0,0,0.541096795082803,0,0,0,0
"300","CAGAGGCGATGCATGA-1",0,1,0,0,0,0,0,0,0
"301","CAGCAGTCCAGACTAT-1",0.312099337593121,0.687900662406879,0,0,0,0,0,0,0
"302","CAGCCGGGCCCTCTAT-1",0,1,0,0,0,0,0,0,0
"303","CAGCCTCTCCTCAAGA-1",0,1,0,0,0,0,0,0,0
"304","CAGCGATTCCCTTCAA-1",0,1,0,0,0,0,0,0,0
"305","CAGCTGGCGTAACCGT-1",0,0.526759405533716,0,0.0929464781433569,0.280439150523935,0,0.0998549657989926,0,0
"306","CAGGAAGACTTTATAT-1",0.624560954804114,0.297850639063816,0,0,0,0,0.07758840613207,0,0
"307","CAGTAACTATTTATTG-1",0,1,0,0,0,0,0,0,0
"308","CAGTAATCCCTCCCAG-1",0,1,0,0,0,0,0,0,0
"309","CAGTACATTCTCTAAA-1",0.274280149889747,0.725719850110253,0,0,0,0,0,0,0
"310","CAGTACCAGTTTACGT-1",0,0.410405599007893,0,0.113783991132249,0.475810409859857,0,0,0,0
"311","CAGTAGATGATGTCCG-1",0.151047876116914,0.848952123883086,0,0,0,0,0,0,0
"312","CAGTAGCCCACGCGGT-1",0,0.620653610100225,0,0.0520298485062554,0.32731654139352,0,0,0,0
"313","CAGTCGAGGATGCAAT-1",0,0.714479871097118,0,0,0.285520128902882,0,0,0,0
"314","CAGTGAATAAATGACT-1",0,0.355471238635114,0,0.110607981424694,0.533920779940191,0,0,0,0
"315","CATAGCGTTGCCCACC-1",0,1,0,0,0,0,0,0,0
"316","CATAGTCCACAAGAAC-1",0,0,0,0.195176597792393,0.804823402207607,0,0,0,0
"317","CATATACTACTGATAA-1",0,1,0,0,0,0,0,0,0
"318","CATATGTCAGGCTACG-1",0.0718165136911629,0.489986628999607,0,0.167201726748073,0.270995130561157,0,0,0,0
"319","CATCATCTACCCGGAC-1",0,1,0,0,0,0,0,0,0
"320","CATCCGCAGGCCCGAA-1",0.482426488804502,0.143417512717685,0,0,0.374155998477813,0,0,0,0
"321","CATCCTCTCAAAGATC-1",0,0.939012463992274,0,0,0.0609875360077262,0,0,0,0
"322","CATCGTCCGGTTACTA-1",0.174865119848127,0.825134880151873,0,0,0,0,0,0,0
"323","CATCTATCCCGTGTCT-1",0,1,0,0,0,0,0,0,0
"324","CATGATGCACAATTCT-1",0.276209127664276,0.58180760048872,0,0,0.141983271847004,0,0,0,0
"325","CATGATGGAAGTTAGC-1",0,0.779190400764108,0,0.0794604041423463,0.141349195093546,0,0,0,0
"326","CATGCGACCAGTTTAA-1",0,0,0,0.229151938485162,0.770848061514838,0,0,0,0
"327","CATGCGTTAGACAGAA-1",0,1,0,0,0,0,0,0,0
"328","CATGGGTATGCCTTAT-1",0,0.252277003387458,-1.13266340769389e-18,0,0.747722996612542,0,0,0,0
"329","CATGGGTCGGGTGTGG-1",0,1,0,0,0,0,0,0,0
"330","CATGTAAGAGACATTT-1",0.439451539861575,0.560548460138425,0,0,0,0,0,0,0
"331","CATGTCTCATTTATGG-1",0.391887059383312,0.608112940616688,0,-1.15660788379078e-20,0,0,0,0,0
"332","CATTACGTCGGCCCGT-1",0.217011435026683,0.782988564973317,0,0,0,0,0,0,0
"333","CATTCCCTAAGTACAA-1",0,0,0,0.164817780977489,0.350354416117772,0,0.484827802904739,0,0
"334","CATTTAGCGGACCATG-1",0,0.421152761609525,0,0.114378448028554,0.464468790361921,0,0,0,0
"335","CATTTCTAGCAGACTA-1",0.131441923454991,0.457581759169888,0,0.146811287157358,0.167939222386678,0,0.0962258078310836,0,0
"336","CATTTGAGTGGTACGT-1",0.481798961867234,0.423359169050449,0,0,0,0,0.0948418690823174,0,0
"337","CCAAATAACAAGATTC-1",0.120736677356846,0.879263322643154,0,0,0,0,0,0,0
"338","CCAAGAAAGTGGGCGA-1",0.202302254690977,0.797697745309023,0,0,0,0,0,0,0
"339","CCACAGTACCCATCCT-1",0,1,0,0,0,0,0,0,0
"340","CCACATACTGCACCCA-1",0,0.845926779565907,0,0.154073220434093,0,0,0,0,0
"341","CCACCAACTTTACTGT-1",0.0889612105359289,0.704094516823262,0,0.0395716929394654,0.167372579701343,0,0,0,0
"342","CCACGGAGCCATAAGA-1",0.0730018774596807,0.430779745539149,0,0.0840220776798297,0.41219629932134,0,0,0,0
"343","CCACTGTTTGGATTAA-1",0,0.743551879893499,0.136090302230043,0,0.120357817876458,0,0,0,0
"344","CCAGAAAGCAACTCAT-1",0.218982925602883,0.488968945279369,0,0.214084616389335,0.0779635127284132,0,0,0,0
"345","CCAGCTTCCGCCCGCA-1",0.157456164687982,0.403687630654133,0,0.0801071592717992,0.358749045386085,0,0,0,0
"346","CCAGGCTGGCGTCTGA-1",0.0978426262325374,0.853274208081042,0,0.0488831656864205,0,0,0,0,0
"347","CCAGTAGTCTGATCCA-1",0,0.420593734840375,0,0,0.466324406039688,0,0.113081859119936,0,0
"348","CCAGTCTAGACGGCGC-1",0.331704807801728,0.389795102862057,0,0,0.274665294604495,0,0.00383479473172061,0,0
"349","CCATAGGTTGGCGTGG-1",0,0.742034992838967,0.0603779239268921,0.0401461689178111,0.15744091431633,0,0,0,0
"350","CCATAGTCAGTAACCC-1",0.14254785490473,0.420980045469661,0,0.056970601294725,0.379501498330884,0,0,0,0
"351","CCATATTGGATCATGA-1",0.410579149306432,0.335868641931413,0,0,0.253552208762155,0,0,0,0
"352","CCATGCCCTAGATTTC-1",0.135719488771339,0.864280511228661,0,0,0,0,0,0,0
"353","CCCAGAGGAGGGCGTA-1",0,1,0,0,0,0,0,0,0
"354","CCCGACCATAGTCCGC-1",0,1,0,0,0,0,0,0,0
"355","CCCGAGTTTCTCCGTA-1",0,1,0,0,0,0,0,0,0
"356","CCCGCAGGGCCCAAAG-1",0.414877367162904,0.339559962337148,0,0,0.245562670499948,0,0,0,0
"357","CCCGCGCAATGCACCC-1",0,1,0,0,0,0,0,0,0
"358","CCCGGCTAGGTGAGAA-1",0,1,0,0,0,0,0,0,0
"359","CCCTATGTAGAGCAGA-1",1,0,0,0,0,0,0,0,0
"360","CCCTCAAGCTCTTAGT-1",0.839767761081773,0.0527505893656513,0,0.0208064300749341,0.0866752194776421,0,0,0,0
"361","CCCTCCTCGCTCGTAT-1",0.468531973414525,0.531468026585475,0,0,0,0,0,0,0
"362","CCCTGTTGGCAAAGAC-1",0.0625700219170695,0.93742997808293,0,0,0,0,0,0,0
"363","CCGAAAGTGGTGAGCA-1",9.91774923802723e-05,0.62011410175628,0,0.0557717283124607,0.324014992438879,0,0,0,0
"364","CCGACAAACACATGAG-1",0,1,0,0,0,0,0,0,0
"365","CCGACAATAGGCCGCC-1",0.629481860285979,0.370518139714021,0,0,0,0,0,0,0
"366","CCGACGTAAACACAAC-1",0,0.281513466442745,0,0,0.718486533557255,0,0,0,0
"367","CCGAGAAGTCGCATAA-1",0.0107204654253084,0,0,0.0551405443518801,0.934138990222812,0,0,0,0
"368","CCGCACGTGACCTCGG-1",0.473334886278832,0.399137942794408,0,0,0,0,0.127527170926761,0,0
"369","CCGCCTGCGAATTGGT-1",0.0576747200052578,0.832379979645225,0,0.0301569761189217,0.0797883242305956,0,0,0,0
"370","CCGCGGAATGCGTCAC-1",0,0,0,0.149250616643862,0.593951331514595,0,0.256798051841543,0,0
"371","CCGCGTAGGTAAGGGC-1",0.530063338451431,0.278846165682832,0,0.0366096746869518,0.154480821178785,0,0,0,0
"372","CCGCTTACCTCACTCT-1",0.114663652040932,0.563309644756309,0,0.131487150869943,0.190539552332815,0,0,0,0
"373","CCGGAATGGTTTCAGT-1",0.332308383673339,0.667691616326661,0,0,0,0,0,0,0
"374","CCGGAGCGTACTTTCT-1",0,0.758222079076392,0,0,0.241777920923608,0,0,0,0
"375","CCGGTTTGTAATTGTG-1",0.993288789114919,0.00671121088508121,0,0,0,0,0,0,0
"376","CCGTAGGAAATCCCTG-1",0,0.677586158879981,0,0.162760106542832,0.159653734577188,0,0,0,0
"377","CCGTAGGGTTGTTTAC-1",0,0.702247235761982,0,0.113220712722447,0.184532051515572,0,0,0,0
"378","CCGTGGAACGATCCAA-1",0,0.529723102626426,0,0,0.470276897373574,0,0,0,0
"379","CCGTGTTAAATTCCAT-1",0,0.378772985778784,0,0.503231238255326,0.11799577596589,0,0,0,0
"380","CCGTTACGTTAGAACA-1",0.401057444716784,0.598942555283216,0,0,0,0,0,0,0
"381","CCTAAATTGTATCCTA-1",0,0.874514927886023,0.125485072113977,0,0,0,0,0,0
"382","CCTAACCCAAACAAGT-1",0,1,0,0,0,0,0,0,0
"383","CCTAACTAAGGCTCTA-1",0.511471703609969,0.488528296390031,0,0,0,0,0,0,0
"384","CCTACATTCACAGACG-1",0.246670709217716,0.753329290782284,0,0,0,0,0,0,0
"385","CCTAGTTAGTCGCATG-1",0,1,0,0,0,0,0,0,0
"386","CCTATAATGAGTGCCC-1",0,0,0,0,1,0,0,0,0
"387","CCTATACCGTCCTGTC-1",0,1,0,0,0,0,0,0,0
"388","CCTATATTTGTCCTGG-1",0.0448728965661291,0.851224802752485,0,0.0349576685723534,0.0689446321090329,0,0,0,0
"389","CCTATCTATATCGGAA-1",0.170946602860218,0.829053397139782,0,0,0,0,0,0,0
"390","CCTATGGCTCCTAGTG-1",0,1,0,0,0,0,0,0,0
"391","CCTCGCGCGATATAGG-1",0,1,0,0,0,0,0,0,0
"392","CCTCTATCGATTAGCA-1",0,1,0,0,0,0,0,0,0
"393","CCTGACAAACTCGCGC-1",0.478946293828246,0.504962450384537,0,0.0160912557872161,0,0,0,0,0
"394","CCTGTTTGAAGACACG-1",0,1,0,0,0,0,0,0,0
"395","CCTTCTTGATCCAGTG-1",0,1,0,0,0,0,0,0,0
"396","CCTTTAAGGGAGCACT-1",0,1,0,0,0,0,0,0,0
"397","CCTTTCAATGAAGAAA-1",0,0.605334149398734,0,0,0.394665850601266,0,0,0,0
"398","CGAAACATAGATGGCA-1",0.12641145692111,0.35686455869533,0,0.202992132338029,0.313731852045532,0,0,0,0
"399","CGAACAGTATGGGCGT-1",0.741991381090137,0.130365008543933,0,0,0,0,0.12764361036593,0,0
"400","CGAAGCTATAAATTCA-1",0,1,0,0,0,0,0,0,0
"401","CGACAATTTGATCTAA-1",0.379793927925959,0.397174467036014,0,0,0.223031605038026,0,0,0,0
"402","CGACACGCTCCGACAG-1",0.205233708157047,0.581155627602906,0,0,0.213610664240047,0,0,0,0
"403","CGACTCAGGATGTTAT-1",0.0411386879986733,0.869169833847784,0,0,0.0896914781535428,0,0,0,0
"404","CGAGCCGAGCACTCGA-1",0,1,0,0,0,0,0,0,0
"405","CGAGCTGGGCTTTAGG-1",0,1,0,0,0,0,0,0,0
"406","CGAGGCCAGGCATTGG-1",0,0,0,0.230573674152295,0.769426325847705,0,0,0,0
"407","CGATCTGTTGGAGGAC-1",0,0.475889115348193,0,0.0910988488299,0.349843449838355,0,0.0831685859835526,0,0
"408","CGATGGACCCTACGCC-1",0,1,0,0,0,0,0,0,0
"409","CGCATCATGGCTTCAG-1",0,0.273788913349002,0,0,0.726211086650998,0,0,0,0
"410","CGCCAATTATTGCGTT-1",0,0,0,0.160535069056026,0.71891783066527,0,0.120547100278705,0,0
"411","CGCCATCCGATTATGA-1",0,0.336298017023023,0,0.174335403100631,0.489366579876345,0,0,0,0
"412","CGCCCAGCACGCCTAG-1",0,1,0,0,0,0,0,0,0
"413","CGCCGTTCAGCATAGT-1",0,0.876295614428381,0,0,0.123704385571619,0,0,0,0
"414","CGCGACACTGCGCAGC-1",0.688566665807285,0.208813199901984,0,0.0447454045702964,0.0578747297204348,0,0,0,0
"415","CGCGAGTCTGCCGGGT-1",0.706357311869673,0.153269478490539,0,0,0,0,0.140373209639789,0,0
"416","CGCGCCCGACTTAATA-1",0,1,0,0,0,0,0,0,0
"417","CGCGGCTCAACTTGAA-1",0.23174696790837,0.400833123896611,0,0,0.323694046721972,0,0.043725861473047,0,0
"418","CGCGGTCACAAACCAA-1",0,0.845073606875698,0,0,0.154926393124302,0,0,0,0
"419","CGCTATTCAATGTATG-1",0,0.647122505584172,7.99545018756585e-19,0.0778724403494804,0.275005054066348,0,0,0,0
"420","CGCTGGTGACTACCCT-1",0,1,0,0,0,0,0,0,0
"421","CGGAAAGAATCAAACG-1",0.489410873058515,0.510589126941485,0,0,0,0,0,0,0
"422","CGGAAAGCAAATGTGC-1",0.646162143818071,0.35383785618193,0,0,0,0,0,0,0
"423","CGGAGCTTATAACACC-1",0,0.54229028861297,0,0,0.45770971138703,0,0,0,0
"424","CGGCACCGTTAGCGCC-1",0.319940580016399,0.588324991387858,0,0,0.0917344285957434,0,0,0,0
"425","CGGCGCCATCAATCCC-1",0,0.294841519036645,0.071568595853445,0.116513101903204,0.517076783206706,0,0,0,0
"426","CGGCTCTAAAGCTGCA-1",0,0.493389266468575,0,0,0.506610733531425,0,0,0,0
"427","CGGGAGCTTCAGTGTA-1",0,1,0,0,0,0,0,0,0
"428","CGGTAGAGGTGCAGGT-1",0.211956114453822,0.788043885546178,0,0,0,0,0,0,0
"429","CGGTCCGTCGCAAGCC-1",0.0126570943055662,0.494082068479958,0,0.152054226719023,0.341206610495453,0,0,0,0
"430","CGGTGCGCGTTGGTCC-1",0.21033662983656,0.569405669918451,0,0.0655546333067247,0.142835175846638,0,0.0118678910916268,0,0
"431","CGGTGGGCTCCAGCCT-1",0,0.576736405274432,0,0.131528381989938,0.29173521273563,0,0,0,0
"432","CGGTTCAAGTAGGTGT-1",0.00309128606610209,0.778421993818547,0,0,0.218486720115351,0,0,0,0
"433","CGTACCTGATAGGCCT-1",0,1,0,0,0,0,0,0,0
"434","CGTAGCGAATTGTCAG-1",0.212323574253482,0.787676425746517,0,0,0,0,0,0,0
"435","CGTCAATCTTTAACAT-1",0,1,0,0,0,0,0,0,0
"436","CGTCCAGATGGCTCCA-1",0.218191230306238,0.781808769693762,0,0,0,0,0,0,0
"437","CGTCTGGAAGGGCCCG-1",0.0010420189683011,0.757078740229822,0,0.122237012220346,0.11964222858153,0,0,0,0
"438","CGTGCTTCTACCTAAA-1",0,1,0,0,0,0,0,0,0
"439","CGTGGAAGCCTCGTAC-1",0,0.26205078289448,0,0.109444337496211,0.449978843656342,0,0.178526035952967,0,0
"440","CGTGGCCGAATATCTA-1",0.00677352428053089,0.52489438803479,0,0.219878788571282,0.248453299113397,0,0,0,0
"441","CGTGTCTCGTTACGAC-1",0.766324260143145,0.233675739856855,0,0,0,0,0,0,0
"442","CGTTAAACTAGTTAGG-1",0,0.912506261098744,0,0,0.0874937389012558,0,0,0,0
"443","CGTTAGCTCACAACTG-1",0.405640598382877,0.594359401617123,0,0,0,0,0,0,0
"444","CGTTCATGGTGCGCGT-1",0,0.368064393802134,0,0.0666064048856197,0.565329201312247,0,0,0,0
"445","CGTTGTAAACGTCAGG-1",0.518637289756064,0.30043039155107,0,0,0,0,0.180932318692866,0,0
"446","CGTTTGTGTAGAGGGT-1",0,1,0,0,0,0,0,0,0
"447","CTAAATCCGGTGTACA-1",0,1,0,0,0,0,0,0,0
"448","CTAAATCCTATTCCGG-1",0,0.476719192158304,0,0.0342859183567414,0.488994889484955,0,0,0,0
"449","CTAACTGATAATCGCC-1",0,1,0,0,0,0,0,0,0
"450","CTAACTGGTCCGGTTC-1",0.302434909330969,0.697565090669031,0,0,0,0,0,0,0
"451","CTAATTCGCACGCGCT-1",0.441446483097119,0.500693157981234,0,0,0.0578603589216472,0,0,0,0
"452","CTAATTTCAACAACAC-1",0,1,0,0,0,0,0,0,0
"453","CTACACTCGCAGATGG-1",0,0.787379432980246,0,0,0,0,0.212620567019754,0,0
"454","CTACGCCATTTCCGAT-1",0.0580898606742049,0.941910139325795,0,0,0,0,0,0,0
"455","CTAGCCACAGGCGAGC-1",0,0.997238029536829,0.00276197046317127,0,0,0,0,0,0
"456","CTAGCCGATGTTATGA-1",0,1,0,0,0,0,0,0,0
"457","CTATAGGCGTTGATGT-1",0,1,0,0,0,0,0,0,0
"458","CTCAAGACATTAGCGC-1",0,0.3077300344373,0,0.035656717528432,0.656613248034268,0,0,0,0
"459","CTCAGTCACGACAAAT-1",0,0.578903191745874,0,0.151805083808936,0.269291724445191,0,0,0,0
"460","CTCATGGCTCACAATC-1",0,1,0,0,0,0,0,0,0
"461","CTCATGGTAATTTGCG-1",0,1,0,0,0,0,0,0,0
"462","CTCCCAATGAGTCGCG-1",0,1,0,0,0,0,0,0,0
"463","CTCCCTCCTTTCGATC-1",0,1,0,0,0,0,0,0,0
"464","CTCCTCCAGCTCACAC-1",0,1,0,0,0,0,0,0,0
"465","CTCGATATTTGCGAGC-1",0,1,0,0,0,0,0,0,0
"466","CTCGCACCTATATAGT-1",0.198316597893419,0.458108826773443,0,0.0308382658927478,0.31273630944039,0,0,0,0
"467","CTCGGGTTCTCTGGCC-1",0.67472604313003,0.32527395686997,0,0,0,0,0,0,0
"468","CTCGTCGAGGGCTCAT-1",0.576736221660185,0.423263778339815,0,0,0,0,0,0,0
"469","CTCGTTTCTAATGTTT-1",0,1,0,0,0,0,0,0,0
"470","CTCTTCTGGAAGTTAG-1",0,1,0,0,0,0,0,0,0
"471","CTGAAAGAGATCCGAC-1",0,1,0,0,0,0,0,0,0
"472","CTGAATTTATTGCCAG-1",0.399795079724552,0.421057881722391,0,0.0594955218166194,0.119651516736438,0,0,0,0
"473","CTGACATAGAAATAGA-1",0,0.87682434724831,0,0,0.12317565275169,0,0,0,0
"474","CTGAGAAAGTTCGGCG-1",0,0.776486518925871,0,0,0,0.0946691724863917,0.128844308587737,0,0
"475","CTGAGCAAGTAACAAG-1",0,0,0,0.18058745716967,0.81941254283033,0,0,0,0
"476","CTGCAGAGAATCAGAG-1",0,0.273142412785483,0,0,0.726857587214517,0,0,0,0
"477","CTGCCAAGGTTGGAAG-1",0,1,0,0,0,0,0,0,0
"478","CTGCCTTTAATACCTT-1",0.180293954890936,0.819706045109064,0,0,0,0,0,0,0
"479","CTGCGTTACGATATAA-1",0,1,0,0,0,0,0,0,0
"480","CTGCTGAGGCCACGAA-1",0.200995721455627,0.799004278544373,0,0,0,0,0,0,0
"481","CTGCTGTCTAACGAGC-1",0,0.221979674223184,0,0.144626739242608,0.633393586534208,0,0,0,0
"482","CTGGACGCAGTCCGGC-1",0.253337636140391,0.746662363859609,0,0,0,0,0,0,0
"483","CTGGCATCCGAATGAG-1",0,0.482821723791409,0,0.137949594865878,0.379228681342713,0,0,0,0
"484","CTGGCGGGAATAAGTA-1",0.421705541494988,0.445928071558845,0,0,0,0,0.132366386946167,0,0
"485","CTGGCTGATTCATCCT-1",0.133225303277536,0.262438906395966,0,0.184863458534757,0.419472331791741,0,0,0,0
"486","CTGGTAAAGTGTGGGC-1",0,0.960132006601605,0,0,0.0398679933983954,0,0,0,0
"487","CTGGTCATTCCAATCC-1",0.945613616997849,0.0543863830021514,0,0,0,0,0,0,0
"488","CTGGTTTCGAGCAAGA-1",6.7592893470275e-20,0.512826412034109,0,0,0.487173587965891,0,0,0,0
"489","CTGTAGCCATCTCACT-1",0,1,0,0,0,0,0,0,0
"490","CTGTATGGTGTAGAAA-1",-6.80880681304096e-19,0.722523296750652,0,0,0.277476703249348,0,0,0,0
"491","CTGTCAAATGGCTCGG-1",0.335634324416778,0.341631183133191,0,0,0.32273449245003,0,0,0,0
"492","CTGTCTGTGGCTGGCT-1",0,0,0,0.0842313359322619,0.412136408500483,0,0.503632255567255,0,0
"493","CTGTGGTCGGGAGATA-1",0,1,0,0,0,0,0,0,0
"494","CTGTTGGCTCTTCTGA-1",0.596129361834293,0.319525855878259,0,0.034874393988034,0.0494703882994138,0,0,0,0
"495","CTTAGCCTTCCACATG-1",0.132164933470563,0.698988123902149,0,0,0.168846942627288,0,0,0,0
"496","CTTCCGCTCCGTGAAG-1",0.016700079124094,0.983299920875906,0,0,0,0,0,0,0
"497","CTTCGGCCAATTGTTT-1",0,1,0,0,0,0,0,0,0
"498","CTTCTATGTTGAAGTA-1",0,0,0,0.401623014116587,0.598376985883413,0,0,0,0
"499","CTTCTATTAATGCTAG-1",0,0,0,0,0.628727129294129,0,0.371272870705871,0,0
"500","CTTCTTACGTCGTATA-1",0.0806192986901134,0.413822362424514,0,0.0486249824341256,0.456933356451247,0,0,0,0
"501","CTTGTGCTCACCGATT-1",0.537413374909052,0.462586625090948,0,0,0,0,0,0,0
"502","CTTGTTTATGTAGCCA-1",0,0.638436820030842,0,0,0.361563179969158,0,0,0,0
"503","CTTTAACTTTCAAAGG-1",0,0.426934310088416,0,0,0.409034064822107,0,0.164031625089477,0,0
"504","CTTTGCATCGCTCTTG-1",0,0.501829994857931,0,0.151294894740254,0.346875110401815,0,0,0,0
"505","CTTTGGGATTGTTGCA-1",0.435578100371079,0.564421899628921,0,0,0,0,0,0,0
"506","GAAACAGCCATGCAGT-1",0,0.459181096327597,0,0.148667849392922,0.392151054279481,0,0,0,0
"507","GAAACATAGGAAACAG-1",0.721512863981163,0.278487136018837,0,0,0,0,0,0,0
"508","GAAACCTATACAAATG-1",0,1,0,0,0,0,0,0,0
"509","GAAACTCGTGCGATGC-1",0.423786765779023,0.576213234220977,0,0,0,0,0,0,0
"510","GAAACTCTAATGAAGG-1",0,1,0,0,0,0,0,0,0
"511","GAAAGCAGTGCACTTT-1",0.0450410135847347,0.579492597841686,0,0.0824466657306922,0.293019722842887,0,0,0,0
"512","GAAAGTGACTAACTGC-1",0,1,0,0,0,0,0,0,0
"513","GAAATACTAAACGTTT-1",0,1,0,0,0,0,0,0,0
"514","GAAATCGCGCGCAACT-1",0,1,0,0,0,0,0,0,0
"515","GAAATCTGACCAAGTT-1",0,1,0,0,0,0,0,0,0
"516","GAACGACCGAATGATA-1",0,0.679647529207271,0,0.0299794405760792,0.29037303021665,0,0,0,0
"517","GAACGCGGGTCACACG-1",0,0.644537303444364,0,0.121054991609725,0.234407704945911,0,0,0,0
"518","GAAGTGCTGGATAGCT-1",0,0.592133761508472,0,0.134613082176863,0.273253156314665,0,0,0,0
"519","GAATAGCATTTAGGGT-1",0,0,0,0,0.819850071397603,0,0.180149928602397,0,0
"520","GAATAGTGCTCGATTA-1",0.631291446165216,0.368708553834784,0,0,0,0,0,0,0
"521","GAATATTCGGAGTCCC-1",0,1,0,0,0,0,0,0,0
"522","GAATGTATGGCAGGTC-1",0.429739821835286,0.570260178164714,0,0,0,0,0,0,0
"523","GAATGTTGGGTAATCT-1",0,0.584893358515187,0,0,0.276633578500121,0,0.138473062984692,0,0
"524","GAATTTCTCGCTGCAG-1",0,1,0,0,0,0,0,0,0
"525","GACAAACATATGCAGG-1",0,0.657539372625596,0,0,0.342460627374404,0,0,0,0
"526","GACAACGACCATTGAA-1",0,0.614525125616263,0,0,0.385474874383737,0,0,0,0
"527","GACACGAGTTAGAGGA-1",0.322887882235142,0.436056153138529,0,0.101285762844633,0.139770201781696,0,0,0,0
"528","GACATACTGTCGCAGA-1",0.00682531554859146,0.993174684451409,0,0,0,0,0,0,0
"529","GACATCGATTTATAAC-1",0.0530508071110979,0.65432436086275,0,0,0.292624832026152,0,0,0,0
"530","GACCAAACGTTGACTG-1",0.224617079021787,0.775382920978213,0,0,0,0,0,0,0
"531","GACCGCGTCTGACGTG-1",0,1,0,0,0,0,0,0,0
"532","GACCGTCAGGTCGTGA-1",0,1,0,0,0,0,0,0,0
"533","GACCTGGTCTGGGCGT-1",0.548810340908226,0.237467392053799,0,0,0.213722267037975,0,0,0,0
"534","GACGCCGTAAAGGCTA-1",0.194515468574348,0.56637979110316,0,0,0.0869716339588496,0,0.152133106363642,0,0
"535","GACGGGTTGGCCCGTA-1",0,1,0,0,0,0,0,0,0
"536","GACTACAAAGCGGTGG-1",0,0.514172522451718,0,0.0517119466458487,0.434115530902434,0,0,0,0
"537","GACTGCGGCACGTGTA-1",0.761077493966625,0.00475848352855076,0,0.074171439216534,0.15999258328829,0,0,0,0
"538","GAGCATCAACAACTTG-1",0,0.453727967938115,0,0.103141432258991,0.443130599802894,0,0,0,0
"539","GAGCCAGCTACCTGTG-1",0.49013508789827,0.509864912101731,0,0,0,0,0,0,0
"540","GAGCGCAAATACTCCG-1",0,1,0,0,0,0,0,0,0
"541","GAGCGCGCACGAGTAG-1",0,1,0,0,0,0,0,0,0
"542","GAGCGCTGTTAGGTAA-1",0,1,0,0,0,0,0,0,0
"543","GAGCTGTCGTCTCGGA-1",0,0.516348872421537,0,0.170360235178965,0.313290892399498,0,0,0,0
"544","GAGGAATGGAGAGGTT-1",0,1,0,0,0,0,0,0,0
"545","GAGGAGATCCTCATGC-1",0.234875139795345,0.765124860204655,0,0,0,0,0,0,0
"546","GAGGGCGCAGCTCTGC-1",0,0,0,0,0.548310516615343,0,0.451689483384657,0,0
"547","GAGGGTAGTAACAAAG-1",0.807833214204598,0.0656091324801695,0,0,0.126557653315233,0,0,0,0
"548","GAGGTACATCCATCTT-1",0.25865594108445,0.574330729157276,0,0,0.167013329758274,0,0,0,0
"549","GAGGTCCCAAAGATCT-1",0.152511535847898,0.638022765303181,0,0,0.209465698848921,0,0,0,0
"550","GAGTAAACCGGAAAGT-1",0,1,0,0,0,0,0,0,0
"551","GAGTATCAAAGTTACA-1",0,0.890385602905797,0,0,0.109614397094203,0,0,0,0
"552","GAGTATGCCCGCCTTG-1",0,0,0,0.24880777045186,0.586860201813832,0,0.164332027734308,0,0
"553","GAGTCAGACCAGAATC-1",0,1,0,0,0,0,0,0,0
"554","GAGTGTGCGGTACCCA-1",0.243011737428679,0.63556381134998,0,0,0.121424451221341,0,0,0,0
"555","GAGTTGATGGCAATTT-1",0,1,0,0,0,0,0,0,0
"556","GATAGCGTACCACGCG-1",0.452564560025174,0.519230166229089,0,0,0.0282052737457364,0,0,0,0
"557","GATATCAGTATGTATC-1",0.162191948243018,0.467050247039265,0,0.126934286556405,0.243823518161313,0,0,0,0
"558","GATATGGATTACGCGG-1",0.652468249661491,0.00647071234634628,0,0.0923821963261109,0.248678841666052,0,0,0,0
"559","GATCAACATAAAGGGA-1",0,1,0,0,0,0,0,0,0
"560","GATCCTCGACACTGGC-1",0.120118067390447,0.824728020385951,0,0,0.0551539122236016,0,0,0,0
"561","GATCGCTACCCGATTT-1",0.00836477418675141,0.892793367561488,0,0,0,0,0.0988418582517606,0,0
"562","GATCGCTATATCTCAG-1",0.521457622811408,0.478542377188593,0,0,0,0,0,0,0
"563","GATCTCGACGCTGTGG-1",0,1,0,0,0,0,0,0,0
"564","GATCTTCATTGTCCTC-1",0.569094552946323,0.430905447053677,0,0,0,0,0,0,0
"565","GATGCCAGCAGAAGGC-1",0.841856134479828,0.0282219639366679,0,0,0,0,0.129921901583504,0,0
"566","GATGCGAATGGTATTA-1",0.389036475894122,0.327596341183976,0.0808726883781809,0.0299401952597039,0.172554299284017,0,0,0,0
"567","GATGGTGCCCTAGGCA-1",0,0.414250818827562,0,0.0370252314031532,0.548723949769285,0,0,0,0
"568","GATGTAACGAACCACC-1",0,1,0,0,0,0,0,0,0
"569","GATTAACCGAAAGCCC-1",0,0.819887645822017,0.068438582041614,0,0.111673772136369,0,0,0,0
"570","GATTGCTCCAGTTGCA-1",0.1014881404378,0.8985118595622,0,0,0,0,0,0,0
"571","GCAAACCCTACATTAT-1",0,1,6.62226428426444e-19,0,0,0,0,0,0
"572","GCAAACGTCGCCAGGT-1",0,0,0,0,0.704522145878831,0,0.295477854121169,0,0
"573","GCAACAGCAGTATGCG-1",0.242798266298365,0.495134208338926,0,0,0.262067525362709,0,0,0,0
"574","GCAACCACCAGACCGG-1",0,1,0,0,0,0,0,0,0
"575","GCACAAACGAGGCGTG-1",0,0.306677839978595,0,0,0.693322160021405,0,0,0,0
"576","GCACACACTGGTAGCC-1",0,1,0,0,0,0,0,0,0
"577","GCACGCCTACTTAGAT-1",0,1,0,0,0,0,0,0,0
"578","GCAGAAGGTAATCTCC-1",0,0.621179026278182,0,0.0749424805586771,0.303878493163141,0,0,0,0
"579","GCAGATCCTCGCAAAT-1",0.0387015292938033,0.961298470706197,0,0,0,0,0,0,0
"580","GCATCGGCCGTGTAGG-1",0.178143813080552,0.722114172658872,0,0,0,0,0.0997420142605752,0,0
"581","GCATTCGAAATGAACA-1",0.280212264428338,0.203973719031676,0,0,0.515814016539986,0,0,0,0
"582","GCCAATAGGGCATCTC-1",0,0.553605484486318,0,0,0.446394515513682,0,0,0,0
"583","GCCACTCAGAGCGCGA-1",0.0593213129476501,0.597021774930364,0,0,0.343656912121986,0,0,0,0
"584","GCCACTCCTTACGGTA-1",0,1,0,0,0,0,0,0,0
"585","GCCAGGAGTAACCGAT-1",0,1,0,0,0,0,0,0,0
"586","GCCAGGCTTAGTGGTA-1",0.0867854315977741,0.500709709742258,0,0.11098163020186,0.301523228458107,0,0,0,0
"587","GCCATATTGCACACAG-1",0,1,0,0,0,0,0,0,0
"588","GCCATCGAGCTGCGTG-1",0.183566444004708,0.816433555995292,0,0,0,0,0,0,0
"589","GCCCGACTTCTTCCCG-1",0,0.437282569978124,0,0.238423346786831,0.324294083235045,0,0,0,0
"590","GCCCGCGCGTAAACGG-1",0,0,0,0,0.623867405322444,0,0.376132594677556,0,0
"591","GCCGACCCACGACTGC-1",0,1,0,0,0,0,0,0,0
"592","GCCTATTCCGATATAG-1",0.044017181897582,0.955982818102418,0,0,0,0,0,0,0
"593","GCCTCCGACAATTCAC-1",0,0.567586411057856,0,0.138406856159759,0.294006732782385,0,0,0,0
"594","GCCTTGTATATGCAGT-1",0.28900094975158,0.660901163564006,0,0,0,0,0.0500978866844141,0,0
"595","GCGAGAAACGGGAGTT-1",0.14025053631147,0.455365267319434,0,0.0479198554334179,0.356464340935678,0,0,0,0
"596","GCGATGTCTGTGCTTG-1",0.391899317110363,0.274885660773337,0,0.0437822856397795,0.289432736476521,0,0,0,0
"597","GCGATTCTGGAAGCAG-1",0,0.497002482191425,0,0,0.448474197239772,0,0.0545233205688031,0,0
"598","GCGCCTCCCACTCCGA-1",0,1,0,0,0,0,0,0,0
"599","GCGCGTCATTGGTACA-1",0,1,0,0,0,0,0,0,0
"600","GCGCTGGCGGAAAGTC-1",0,0,0,0.314084959060266,0.685915040939734,0,0,0,0
"601","GCGCTTAAATAATTGG-1",-1.36426608540406e-20,0,0,0,1,0,0,0,0
"602","GCGGACCGCGTTGTGG-1",0.368668196058234,0.449864162621263,0,0.0499412987361701,0.131526342584333,0,0,0,0
"603","GCGGGCGAGCCTTACC-1",0,1,0,0,0,0,0,0,0
"604","GCGGTGCGGAGCATCG-1",0,1,0,0,0,0,0,0,0
"605","GCGTCGAAATGTCGGT-1",0,1,0,0,0,0,0,0,0
"606","GCGTTCGGAGACCGGG-1",0,1,0,0,0,0,0,0,0
"607","GCTAACTGAAGTCTGA-1",0,0.35121806306175,0,0,0.64878193693825,0,0,0,0
"608","GCTAAGTAAAGGCGAT-1",0.582400238367568,0.381752886584207,0,0,0.0358468750482248,0,0,0,0
"609","GCTACTATAGTAGAGT-1",0.218250210664007,0.655190334565503,0,0,0,0,0.12655945477049,0,0
"610","GCTAGAGTAGAGATGT-1",0.423090669774495,0.576909330225505,0,0,0,0,0,0,0
"611","GCTAGCAGGGAGTGGG-1",0,0.452428731495849,0,0.0689770398503843,0.478594228653767,0,0,0,0
"612","GCTAGCTTGAATAGCT-1",0.174873701424162,0.684165769673633,0,0,0.140960528902205,0,0,0,0
"613","GCTAGGCACCACGGAG-1",0,1,0,0,0,0,0,0,0
"614","GCTATACGTCTCGGAC-1",0,1,0,0,0,0,0,0,0
"615","GCTATCATACTCATGG-1",0,0.428214258731246,0,0.00206157053582622,0.569724170732928,0,0,0,0
"616","GCTATCGCGGCGCAAC-1",0,1,0,0,0,0,0,0,0
"617","GCTCAATCCGTTTATT-1",0,1,0,0,0,0,0,0,0
"618","GCTCATTACTGCATGT-1",0,0.783704605740061,0,0,0.216295394259939,0,0,0,0
"619","GCTCGCGGTTCCGCTC-1",0.682321787060804,0.0834810128342943,0,0.106641729626356,0.127555470478546,0,0,0,0
"620","GCTCGGAATTTAAAGC-1",0.191130446828349,0.679792856116363,0,0,0.129076697055288,0,0,0,0
"621","GCTGAGCAACGGTTCT-1",0,1,0,0,0,0,0,0,0
"622","GCTGCTAAGTAGTCGA-1",0.177384644867869,0.601871602692595,0,0,0,0,0.220743752439536,0,0
"623","GCTTGATGATAATCAG-1",0,0,0,0,0.671432009219008,0,0.328567990780992,0,0
"624","GGAAACCTTGTTGAAT-1",0,1,0,0,0,0,0,0,0
"625","GGAAACTAAATGGGCC-1",0.0786312930984109,0.272001899630208,0,0,0.649366807271381,0,0,0,0
"626","GGAAAGTGCCCATGCC-1",0,1,0,0,0,0,0,0,0
"627","GGAACCTTGACTCTGC-1",0,1,0,0,0,0,0,0,0
"628","GGAACGGCCTGCAGCC-1",0,1,0,0,0,0,0,0,0
"629","GGAACTTTGGCGATTA-1",0,0.752716197150819,0,0,0.247283802849181,0,0,0,0
"630","GGAAGCTCGCTTACAG-1",0,1,0,0,0,0,0,0,0
"631","GGACACAAGTTTACAC-1",0.00210721873498819,0.875146640429863,0,0.0326283206173602,0.0901178202177887,0,0,0,0
"632","GGACTCACAAATTAGG-1",0,0.376509715566181,0.0638599762772782,0.0880356689345059,0.471594639222035,0,0,0,0
"633","GGACTCTTCCGGTTGA-1",0,1,0,0,0,0,0,0,0
"634","GGATCATCCCGTACGC-1",0,1,0,0,0,0,0,0,0
"635","GGATCCCTACCAGCTA-1",0,0.185837837926188,0,0.338464815673169,0.475697346400643,0,0,0,0
"636","GGATCTTGACTCAACC-1",0,1,0,0,0,0,0,0,0
"637","GGCAAAGGCGCCAATA-1",0.494736936284728,0.434377430757055,0,0,0,0,0.0708856329582167,0,0
"638","GGCACTCAGCCGACCC-1",0,0.931740111382212,0,0,0.0682598886177884,0,0,0,0
"639","GGCAGCAAACCTATGC-1",0,1,0,0,0,0,0,0,0
"640","GGCAGCGGTAATCCTA-1",0,0.469015411537661,0,0,0.530984588462339,0,0,0,0
"641","GGCCGAGACTCTGGTG-1",0,1,0,0,0,0,0,0,0
"642","GGCCTGCTTCTCCCGA-1",0,0.936629423838289,0,0,0.063370576161711,0,0,0,0
"643","GGCGAAATCTAACTTG-1",0,0,0,0,1,0,0,0,0
"644","GGCGCTCCTCATCAAT-1",0,1,0,0,0,0,0,0,0
"645","GGCGGTTTGCCGGTGC-1",0.503018923111716,0.426327061812277,0,0,0,0,0.0706540150760068,0,0
"646","GGCTGAAATAGCAAAG-1",0.359683505091328,0.45175745328487,0,0.0479069810705001,0.140652060553302,0,0,0,0
"647","GGGAACGGTTTCAGAT-1",-1.33037796238764e-18,0.270171289139874,0,0.0212308828543823,0.708597828005744,0,0,0,0
"648","GGGAATGAGCCCTCAC-1",0.101528798983217,0.662261766577656,0,0,0.236209434439127,0,0,0,0
"649","GGGACCCGTATATCTT-1",0.0387582632153558,0.890038000647295,0,0,0.0712037361373488,0,0,0,0
"650","GGGATACGGTAATAAT-1",0,1,0,0,0,0,0,0,0
"651","GGGCGGCAAATGAATT-1",0,0,0,0.173218633277249,0.517005760079774,0,0.206868984219972,0,0.102906622423005
"652","GGGCTATGATCGATGG-1",0,1,0,0,0,0,0,0,0
"653","GGGCTCATCGAACCCA-1",0.148772510520287,0.455997564445076,0,0,0.395229925034637,0,0,0,0
"654","GGGTACCCACGGTCCT-1",0,0,0,0.201007633812626,0.798992366187374,0,0,0,0
"655","GGGTATGTATGCACTT-1",0,1,0,0,0,0,0,0,0
"656","GGGTCATGCGTACCAT-1",0.962380258491545,0.0376197415084554,0,0,0,0,0,0,0
"657","GGGTGTTTCAGCTATG-1",0,1,0,0,0,0,0,0,0
"658","GGGTTAACATTTGAGT-1",0.283030960972581,0.584962051336966,0,0,0.132006987690453,0,0,0,0
"659","GGTAAATGTGCGTTAC-1",0,1,0,0,0,0,0,0,0
"660","GGTACTAAGTGCTTTG-1",0,1,0,0,0,0,0,0,0
"661","GGTAGACCGTTGGGCG-1",0.292132324892936,0.606707052493194,0,0,0.10116062261387,0,0,0,0
"662","GGTCCTTCATACGACT-1",0.473921405048178,0.526078594951822,0,0,0,0,0,0,0
"663","GGTCGGATAAACGGCG-1",0,1,0,0,0,0,0,0,0
"664","GGTCGGTCGTCCACAG-1",0,1,0,0,0,0,0,0,0
"665","GGTCGTAAGCTCGCAC-1",0,0.539469452274393,0,0.171161551669079,0.289368996056528,0,0,0,0
"666","GGTCTCTGAATGGACT-1",0,1,0,0,0,0,0,0,0
"667","GGTCTTGGTGTTAACT-1",0,0,0,0.111756988663111,0.708738184560111,0,0.179504826776778,0,0
"668","GGTGAAGTACAGGGAT-1",0,0,0,0.154091857635894,0.845908142364106,0,0,0,0
"669","GGTGCTGATCACAAAG-1",0.993779774408095,0.00622022559190482,0,0,0,0,0,0,0
"670","GGTGGACTGCTCTGGC-1",0,0.632611527019912,0,0,0.367388472980088,0,0,0,0
"671","GGTTAGCTATATGTCT-1",0.0906449767311371,0.909355023268863,0,0,0,0,0,0,0
"672","GGTTTAATTACCATCG-1",0.306764940966108,0.693235059033892,0,0,0,0,0,0,0
"673","GTAAGGATTTGTCGGA-1",0.0970135106830297,0,0.19501750084218,0,0.707968988474791,0,0,0,0
"674","GTAATCTGATTCTTCG-1",0,0,0,0.112396799959223,0.568871179941067,0,0.210481643541175,0,0.108250376558535
"675","GTAGAAACGGGTGGAG-1",0,1,0,0,0,0,0,0,0
"676","GTAGAGGGAGACAAGT-1",0.163833563066372,0.669769922736175,0,0,0.166396514197453,0,0,0,0
"677","GTAGTCGCGGGAATCA-1",0,1,0,0,0,0,0,0,0
"678","GTATAATCTCCCGGAT-1",0,1,0,0,0,0,0,0,0
"679","GTATCAAACGTTAGCT-1",0,1,0,0,0,0,0,0,0
"680","GTATGAAATTTCACTC-1",0.782607113039044,0.135874095953257,0,0,0,0,0.0815187910076984,0,0
"681","GTATTAAGGCGTCTAA-1",0.179138540190021,0.681054279700394,0,0,0.139807180109585,0,0,0,0
"682","GTATTCTGAGAAACGA-1",0,0,0,0,0.651012641358005,0,0.348987358641995,0,0
"683","GTATTTAATGGCATAA-1",0,1,0,0,0,0,0,0,0
"684","GTCACTCTCCAAATCT-1",0.306458086485883,0.554906366342592,0,0.0231826233455469,0.115452923825979,0,0,0,0
"685","GTCAGACAGCGTTGGA-1",0,0.249839227574599,0,0.244550421958514,0.505610350466887,0,0,0,0
"686","GTCATCTCCTACAGCT-1",0.384792519625682,0.280053439198751,0,0.0776152501548139,0.257538791020754,0,0,0,0
"687","GTCCGGACCTGAAATT-1",0,1,0,0,0,0,0,0,0
"688","GTCCTACAGGCGGCTC-1",0.510473457008423,0.396982107132594,0,0,0,0,0.0925444358589836,0,0
"689","GTCCTACGAATAGTCT-1",0,1,0,0,0,0,0,0,0
"690","GTCCTTCTAGTGGGTT-1",2.05535786420559e-18,0.600574759387608,0,0.0175441637762099,0.381881076836183,0,0,0,0
"691","GTCGATAGGTGACTTT-1",0,0.786082147528411,0,0,0.140458370380782,0,0.0734594820908071,0,0
"692","GTCGCCGTTGTGTGTT-1",1,0,0,0,0,0,0,0,0
"693","GTCTCGATCTGCTTTC-1",0.773163562099522,0.226836437900478,0,0,0,0,0,0,0
"694","GTCTTAGTACAGCCGG-1",0,1,0,0,0,0,0,0,0
"695","GTGAAACGGCGCCACC-1",0.143708154369023,0.484725488433525,0,0.0155773669168244,0.355988990280628,0,0,0,0
"696","GTGAAGATTTCAAGTG-1",0,1,0,0,0,0,0,0,0
"697","GTGAAGCCGTATAGTC-1",0.07755933916335,0.648675486337497,0,0,0.273765174499153,0,0,0,0
"698","GTGAGGAGCGGTTGAG-1",0.365444571290599,0.634555428709401,0,0,0,0,0,0,0
"699","GTGATCACTAACGCCT-1",0.13589158501516,0.41002902602356,0,0.0627385556676241,0.391340833293656,0,0,0,0
"700","GTGATGCACAACATCT-1",0,0.455644195677712,0,0,0.544355804322288,0,0,0,0
"701","GTGATTCGCCGCTCAA-1",0,0,0,0,1,0,0,0,0
"702","GTGCAACAAATGTGGC-1",0.275368048768478,0.634011539174831,0,0,0.090620412056692,0,0,0,0
"703","GTGCACGAAAGTGACT-1",0.258165435745343,0.741834564254657,0,0,0,0,0,0,0
"704","GTGCAGCGTAGAGTAG-1",0,0.695368314791604,0,0.0367277692160747,0.267903915992321,0,0,0,0
"705","GTGCCTAGCTATGCTT-1",0,1,0,0,0,0,0,0,0
"706","GTGCCTCAGTGTACGG-1",0,0.22143749246967,0,0,0.77856250753033,0,0,0,0
"707","GTGCTTACATCAGCGC-1",0,0.2182382704848,0,0,0.648318660204253,0,0.133443069310948,0,0
"708","GTGGACCAACCCGATT-1",0,0,0,0,1,0,0,0,0
"709","GTGGAGTCGGCGGTTG-1",0.352151466617867,0.647848533382133,0,0,0,0,0,0,0
"710","GTGGCAAACAGCGGCA-1",0.141823549154035,0.835307383409323,0,0.0228690674366425,0,0,0,0,0
"711","GTGTGTCGACGTCGCT-1",0.407903079503447,0.47345006097456,0,0,0,0,0.118646859521994,0,0
"712","GTTAAAGTAGGACTGG-1",0.332420802575458,0.667579197424542,0,0,0,0,0,0,0
"713","GTTCCCGTAAACATAT-1",0,1,0,0,0,0,0,0,0
"714","GTTGAGTCCCGCCGGT-1",0,0.390218386575151,0,0.154885043186789,0.441941114874493,0,0.0129554553635671,0,0
"715","GTTGCGGACGGTCAGG-1",0,0.762176694271998,0,0,0.237823305728003,0,0,0,0
"716","GTTGGATTCAGTGGCT-1",0,1,0,0,0,0,0,0,0
"717","GTTTATGGGATTTAGA-1",0.540337413826583,0.0602779620540272,0,0.132574940872916,0.266809683246473,0,0,0,0
"718","TAAACCCAGGAGGGCA-1",0.514912178741192,0.485087821258808,0,0,0,0,0,0,0
"719","TAAAGCGGTATTTCCA-1",0.146761585401645,0.828627275697283,0,0.0246111389010719,0,0,0,0,0
"720","TAAAGCTGCAATAGGG-1",0,1,0,0,0,0,0,0,0
"721","TAAATGAATCCGTTTC-1",0,1,0,0,0,0,0,0,0
"722","TAACAATATTTGTTGC-1",0.150741134383361,0.217399488497107,0,0.0754027556499616,0.55645662146957,0,0,0,0
"723","TAACAGCGTTTGTGCT-1",0.460802181246587,0.240649402862785,0,0,0.298548415890628,0,0,0,0
"724","TAACCTAGGGAGTCCA-1",0.389882139426558,0.554746972297779,0,0,0.0553708882756626,0,0,0,0
"725","TAACGCTTTGAGAGCG-1",0.190770733548458,0.738115734590418,0,0,0,0,0.0711135318611233,0,0
"726","TAAGGCAACATAAGAT-1",0.140454021303853,0.611477054319933,0,0,0.248068924376214,0,0,0,0
"727","TAAGGCATAACATCAA-1",0,1,0,0,0,0,0,0,0
"728","TAAGGCTGAATCCCTC-1",0,1,0,0,0,0,0,0,0
"729","TAAGGGCCTGTCCGAT-1",0,1,0,0,0,0,0,0,0
"730","TAATACACAGTAGTAT-1",9.28807811543298e-19,0.782985101450616,0,0.0568959263608763,0.160118972188508,0,0,0,0
"731","TAATAGAACAGAGTTA-1",0.274648590378004,0.627036253399318,0,0,0.0983151562226774,0,0,0,0
"732","TAATAGGTCACCAGAA-1",0.290491140829191,0.709508859170809,0,0,0,0,0,0,0
"733","TAATCGATCCGTACGT-1",0,0.3265665836575,0,0.0967675334294761,0.576665882913024,0,0,0,0
"734","TAATGAAAGACCCTTG-1",0.709494804160359,0.290505195839641,0,0,0,0,0,0,0
"735","TAATTGGAATCGGGAA-1",0,0.541342039861114,0,0.0424348562678926,0.416223103870994,0,0,0,0
"736","TACATCTTGTTTCTTG-1",0,1,0,0,0,0,0,0,0
"737","TACATGCCGGAATTGT-1",0,0.838038262948088,0,0,0.161961737051912,0,0,0,0
"738","TACCAATAAAGTACCA-1",0,0.30206292663478,0,0.103520295387525,0.594416777977695,0,0,0,0
"739","TACCAGCTAGGTTTAA-1",0.254636485250544,0.517228084825132,0,0.0297958231336358,0.198339606790687,0,0,0,0
"740","TACCTCAGTTGTCTGT-1",0.40066036174836,0.59933963825164,0,0,0,0,0,0,0
"741","TACCTGCTGCACTGTG-1",0.657963985848412,0.342036014151588,0,0,0,0,0,0,0
"742","TACCTTAAGATTTCCC-1",0.283917531882938,0.592710401881818,0,0,0.123372066235244,0,0,0,0
"743","TACGGGATGCTAGCAG-1",0.058051969512003,0.941948030487997,0,0,0,0,0,0,0
"744","TACGTACTAGTGCTGA-1",0,1,0,0,0,0,0,0,0
"745","TACGTGCACTATGCTG-1",0.126263113822932,0.789580397024225,0,0,0,0,0.0841564891528426,0,0
"746","TACTATGGTTCCTCAG-1",0,1,0,0,0,0,0,0,0
"747","TACTCCTCTAGTTGAC-1",0,0.364856985212696,0,0,0.635143014787304,0,0,0,0
"748","TACTCTCCGAACAAAT-1",0,1,0,0,0,0,0,0,0
"749","TACTCTTACTTTACTG-1",0,0.91858248055097,0,0,0.0814175194490301,0,0,0,0
"750","TACTCTTTCGTCTTCA-1",0.75113859086815,0.24886140913185,0,0,0,0,0,0,0
"751","TACTGAACAGATTTAG-1",0.647713043959787,0.352286956040213,0,0,0,0,0,0,0
"752","TACTGCAATCAATTAC-1",0,1,0,0,0,0,0,0,0
"753","TACTGTTTCTCTGGTA-1",0,0.286954823702786,0,0.1026539527449,0.316515430542724,0,0.29387579300959,0,0
"754","TACTTTCCGCACGCCA-1",3.3982720034341e-18,0,0,0.0585843024198799,0.94141569758012,0,0,0,0
"755","TAGAAACACAATAGTG-1",0,1,0,0,0,0,0,0,0
"756","TAGAATTAAGGGCAAC-1",0,0.294510925783087,0,0.00410442037774379,0.701384653839169,0,0,0,0
"757","TAGAGATCATGCAACT-1",0,0,0,0.148615578490338,0.67252770360996,0,0.178856717899703,0,0
"758","TAGATCCGAAGTCGCA-1",0.431232455907706,0.0065611087048944,0,0,0.562206435387399,0,0,0,0
"759","TAGATGGTTCCTTACT-1",0,0.925530254422289,0,0.0435523782617229,0.0309173673159878,0,0,0,0
"760","TAGCAACCTGTCACAA-1",0.439392914935799,0.560607085064201,0,0,0,0,0,0,0
"761","TAGCCATTTCAAAGTC-1",0,0.613168722994826,0,0.0660258430268464,0.320805433978328,0,0,0,0
"762","TAGCGTCCCTCGATTG-1",0,0.454196544158702,0,0,0.478513193636257,0,0.0672902622050414,0,0
"763","TAGCGTCCGGTGTGGT-1",0,0.182645550239848,0,0.110223681352002,0.70713076840815,0,0,0,0
"764","TAGGCATGTTACGCCA-1",0.408222364931633,0.276380022830379,0,0,0.315397612237988,0,0,0,0
"765","TAGGTCCAAGTAAGGA-1",0,1,0,0,0,0,0,0,0
"766","TAGGTGAGCCCTACTC-1",0.425849974420634,0.547782771694353,0,0,0.0263672538850128,0,0,0,0
"767","TAGTAGCTTATACCAG-1",0.296663428513538,0.631246324895118,0,0,0,0,0.0720902465913433,0,0
"768","TAGTCCGTATGCATAA-1",0.142304832201847,0.857695167798153,0,0,0,0,0,0,0
"769","TAGTCGATCACGGGTT-1",0,1,0,0,0,0,0,0,0
"770","TAGTCTGTGACGTTGC-1",0.0790762593152688,0.920923740684731,0,0,0,0,0,0,0
"771","TAGTCTTTCCGAATTG-1",0,1,0,0,0,0,0,0,0
"772","TAGTGCTTGAATCCTT-1",0,1,0,0,0,0,0,0,0
"773","TAGTTAAGATAGGATA-1",0,1,0,0,0,0,0,0,0
"774","TATACCGAGTGCCACA-1",0,0.500347278316528,0,0,0.499652721683472,0,0,0,0
"775","TATATAGGGCTTTACG-1",0.110887990516454,0.889112009483546,0,0,0,0,0,0,0
"776","TATATTACAAATGTCG-1",0,0.797969480239864,0,0,0.202030519760136,0,0,0,0
"777","TATCAAAGGTCTGTAA-1",0.472400370209106,0.360039631374832,0,0,0.167559998416063,0,0,0,0
"778","TATCACCCAACCGACC-1",0,0.799969692933865,0,0,0.200030307066135,0,0,0,0
"779","TATCACTTCGAGTAAC-1",0,1,0,0,0,0,0,0,0
"780","TATCCAATTGGTTATC-1",0,0.106622881371218,0,0.371813661263209,0.521563457365572,0,0,0,0
"781","TATCCGCACCGTCGGG-1",0,1,0,0,0,0,0,0,0
"782","TATCGATCTATGCATA-1",0,1,0,0,0,0,0,0,0
"783","TATCTACAGAGGTAAT-1",0.656188768038643,0.343808911877224,0,0,2.32008413350193e-06,0,0,0,0
"784","TATGAAGACAGGTGCG-1",0,1,0,0,0,0,0,0,0
"785","TATGATCTTCTCTTTA-1",0,0,0,0,1,0,0,0,0
"786","TATGGCCCGGCCTCGC-1",0.283562630716876,0.564971075902642,0,0,0.151466293380483,0,0,0,0
"787","TATTAACCTGACCGCG-1",1,0,0,0,0,0,0,0,0
"788","TATTCCGAGCTGTTAT-1",0,1,0,0,0,0,0,0,0
"789","TATTCCTCCGCCCACT-1",0.103788737363022,0.541816324592431,0,0.046176114417104,0.308218823627443,0,0,0,0
"790","TATTTGATTTGCACAG-1",0,1,0,0,0,0,0,0,0
"791","TCAACAAAGATAATTC-1",0.624921812775806,0.375078187224194,0,0,0,0,0,0,0
"792","TCAACGCAGGAAATAA-1",0.0775170264304063,0.770015477141289,0,0,0.152467496428304,0,0,0,0
"793","TCAAGCGCGGACGGTA-1",0,0.880691161614446,0,0,0.0328650704284492,0,0.0864437679571043,0,0
"794","TCAAGGTTACTACACC-1",0.223439208174391,0.776560791825609,0,0,0,0,0,0,0
"795","TCACAGATCCTCAAAC-1",0.199534564867319,0.339010034608926,0,0.0612630207990022,0.389816230424135,0,0.0103761493006186,0,0
"796","TCACAGCAAACTCGAA-1",0.340602344336307,0.572993636783671,0,0,0.086404018880022,0,0,0,0
"797","TCACAGGAGAATAAGA-1",0,1,0,0,0,0,0,0,0
"798","TCACAGGGAATCGCAA-1",0,0.567116326527451,0,0.135041859457412,0.297841814015137,0,0,0,0
"799","TCACATCTTATCTGAT-1",0,1,0,0,0,0,0,0,0
"800","TCACGATGTCCGTGGA-1",0.489979343575853,0.510020656424147,0,0,0,0,0,0,0
"801","TCACTACGACCAATGC-1",0,0.402405005220991,0,0,0.597594994779009,0,0,0,0
"802","TCACTCGTGCAACGGC-1",0,1,0,0,0,0,0,0,0
"803","TCACTCTTCGTCTGTC-1",0.397865089071018,0.602134910928982,0,0,0,0,0,0,0
"804","TCAGCAGTAGGCCCTG-1",0.231282622792306,0.768717377207694,0,0,0,0,0,0,0
"805","TCAGTACTGACCCGCG-1",0.193851055010581,0.42484097837461,0,0.162145610756853,0.219162355857956,0,0,0,0
"806","TCATCACTCGAGCTCG-1",0,0.154158419215253,0,0.122229486082987,0.723612094701759,0,0,0,0
"807","TCATCCCAGAGGGTGG-1",0,1,0,0,0,0,0,0,0
"808","TCCACCTCTAGCCTTT-1",0.053029726345094,0.922881273542321,0,0.0240890001125847,0,0,0,0,0
"809","TCCAGCGCTATAAGCG-1",0,0.885479936005532,0,0,0.114520063994468,0,0,0,0
"810","TCCCAGCACACGACAT-1",0,0.416775419938451,0,0,0.583224580061549,0,0,0,0
"811","TCCGAACGTTGCCGCT-1",0.559640790822381,0.00974346238549329,0,0.139643090021691,0.290972656770435,0,0,0,0
"812","TCCGATAATTGCCATA-1",0.133106513613814,0.755034997541287,0,0,0.111858488844898,0,0,0,0
"813","TCCGATGACTGAGCTC-1",0,0.771320742228909,0,0,0.228679257771091,0,0,0,0
"814","TCCGCTGTCATCCCGG-1",0.107584998644219,0.72202517677533,0,0,0.17038982458045,0,0,0,0
"815","TCCTAACCGTCGGGCA-1",0.204344141516433,0.795655858483567,0,0,0,0,0,0,0
"816","TCCTACATCCACGGCC-1",0.283105065860749,0.716894934139251,0,0,0,0,0,0,0
"817","TCCTCCTAAGACATTC-1",0,0.110439087105354,0,0.163456998169751,0.726103914724896,0,0,0,0
"818","TCCTCTACGAGATGGC-1",0.646740504684497,0.351252239172948,0,0,0.00200725614255425,0,0,0,0
"819","TCCTCTGGCCCATTAG-1",0,0.399352503297443,0,0,0.600647496702557,0,0,0,0
"820","TCCTGCCAACTGGAGA-1",0.535882786064696,0.171115928423541,0,0,0.293001285511762,0,0,0,0
"821","TCCTTACGACGGTCCG-1",0,1,0,0,0,0,0,0,0
"822","TCCTTTAAATCCGCTT-1",0.15433464946055,0.84566535053945,0,0,0,0,0,0,0
"823","TCGCACCAGGAGGCAG-1",0,1,0,0,0,0,0,0,0
"824","TCGCACTAACGTTTGT-1",0,1,0,0,0,0,0,0,0
"825","TCGCCGGATGGGCAAG-1",0,0.785579984171792,0,0,0.214420015828208,0,0,0,0
"826","TCGCGTAGCAGTGTCC-1",0,0.928277258613758,0,0,0,0,0.0717227413862419,0,0
"827","TCGCTCGGCACCAGCG-1",0,0.551773677657173,0,0,0.448226322342827,0,0,0,0
"828","TCGGAATGCGCTCTGA-1",0.332784543496563,0.667215456503437,0,0,0,0,0,0,0
"829","TCGGAGAGTATCGGGA-1",0,0,0,0,0.799792829892034,0,0.200207170107966,0,0
"830","TCGGCGAACCCAAACC-1",0,1,0,0,0,0,0,0,0
"831","TCGGCTTGTATCGACG-1",0.371380051956871,0.628619948043129,0,0,0,0,0,0,0
"832","TCGGTCCCTGACTCCA-1",0,0.488970511721407,0,0.340647921805439,0.170381566473154,0,0,0,0
"833","TCGTAAGCTCCGAGGA-1",0,0.105996465361036,0,0,0.894003534638964,0,0,0,0
"834","TCGTCACACTGTTAGC-1",0.103454830292993,0.896545169707008,0,0,0,0,0,0,0
"835","TCGTCTTAGGCGTTAA-1",0,1,0,0,0,0,0,0,0
"836","TCGTGTATTGGTCACG-1",0,1,0,0,0,0,0,0,0
"837","TCGTTGCTATCCGGTC-1",0.204793133948943,0.610442039821019,0,0,0.184764826230039,0,0,0,0
"838","TCTAACTGTATGTAAA-1",0.694305103372311,0,0,0.0181145616972969,0.287580334930392,0,0,0,0
"839","TCTAGCAATCTCCGCC-1",0,0,0,0.236520675733548,0.763479324266452,0,0,0,0
"840","TCTAGTGATATCGTGG-1",0.0582379075545476,0.442240855090789,0,0.0224064398695287,0.477114797485135,0,0,0,0
"841","TCTCATGAGATAGGGT-1",0,1,0,0,0,0,0,0,0
"842","TCTCCAACGTAGGTTA-1",0.443167543039921,0.401691749770056,0,0,0,0,0.155140707190023,0,0
"843","TCTCCCTGGGCAGCGT-1",0,0.378264079908865,0,0.00119443513081264,0.620541484960322,0,0,0,0
"844","TCTCGAACGAGGTCAC-1",0,0.637692631575714,0,0,0.362307368424286,0,0,0,0
"845","TCTCGACGTATCGCCG-1",0,0.426033392317761,0,0.279839037947083,0.294127569735157,0,0,0,0
"846","TCTCGAGGAGGTTCGC-1",0,1,0,0,0,0,0,0,0
"847","TCTCGGCTCCAGGACT-1",0,0.305586625410247,0,0.166771192072784,0.428047585414011,0,0.0995945971029577,0,0
"848","TCTGAACTCGTACCCG-1",0.473803784178096,0.219565227706135,0,0.0417376018177447,0.264893386298024,0,0,0,0
"849","TCTGAAGCACGTGGTC-1",0,0.175469674473213,0,0,0.824530325526787,0,0,0,0
"850","TCTGATGTATTCTGTC-1",0,1,0,0,0,0,0,0,0
"851","TCTGCAGATTCGAGTC-1",0.635996569248176,0.317946976137031,0.00171595545278752,0,0,0,0.0443404991620056,0,0
"852","TCTGCATACCTTGCTT-1",0,0.225664487798396,0,0,0.774335512201604,0,0,0,0
"853","TCTGCGTCCGGTTTCT-1",0,0.343929512384151,0,0.139568365299937,0.516502122315912,0,0,0,0
"854","TCTGTTACCCAGCATA-1",0.216612308994489,0.783387691005511,0,0,0,0,0,0,0
"855","TCTTAACTCGGATGTA-1",0,1,0,0,0,0,0,0,0
"856","TCTTACCGGAACTCGT-1",0.643711311436043,0.356288688563957,0,0,0,0,0,0,0
"857","TCTTACGGCATCCGAC-1",0.430655671529716,0.569344328470284,0,0,0,0,0,0,0
"858","TCTTACTTATGCCTCT-1",0.0598777877817092,0.616155288310565,0,0,0.323966923907726,0,0,0,0
"859","TCTTAGAGTGAACTCT-1",0.258867286855331,0.44920820977724,0,0,0.291924503367429,0,0,0,0
"860","TCTTCGCGGTGAGAGG-1",0,0.950325515235355,0,0,0.049674484764645,0,0,0,0
"861","TCTTCTATAACCCGCC-1",0,0.351674079259276,0,0.0637923752318219,0.574237943939889,0,0.0102956015690128,0,0
"862","TCTTGGTAACACCAAA-1",0,0.635494088082988,0,0.108274597752317,0.256231314164695,0,0,0,0
"863","TCTTTAGAGTCTAACA-1",0,1,0,0,0,0,0,0,0
"864","TCTTTCCTTCGAGATA-1",0,0.931943512549946,0,0,0.0680564874500538,0,0,0,0
"865","TGAAACTTATGCAAGC-1",0.321542727534366,0.221672085641257,0,0,0.456785186824377,0,0,0,0
"866","TGAAGTAGCTTACGGA-1",0.594335883516545,0.405664116483455,0,0,0,0,0,0,0
"867","TGACACTTCTCTTTGC-1",0,0.414918023482728,0,0.182245365888797,0.402836610628475,0,0,0,0
"868","TGACGAATATTTCCCT-1",0,0,0,0.0640843424782178,0.758232340453384,0,0.177683317068399,0,0
"869","TGAGATTAGGCCCTAA-1",0,1,0,0,0,0,0,0,0
"870","TGAGTTAAAGACATTC-1",0,0.677405195109901,0,0.137113674029535,0.185481130860564,0,0,0,0
"871","TGATACATTTAGCCGT-1",0,1,0,0,0,0,0,0,0
"872","TGATCTACGCTGATCT-1",0,1,0,0,0,0,0,0,0
"873","TGATGTCAATTAAGTG-1",0.103554625364902,0.731615316699587,0,0,0.164830057935511,0,0,0,0
"874","TGCATGGATCGGATCT-1",0,1,0,0,0,0,0,0,0
"875","TGCCAATGGGTACTCT-1",0.155760943883169,0.612882032802841,0,0.072548137136296,0.158808886177694,0,0,0,0
"876","TGCCACCTGGCGAAAC-1",0,1,0,0,0,0,0,0,0
"877","TGCCATTACTAAAGAA-1",0.983356330986088,0.0166436690139114,0,0,0,0,0,0,0
"878","TGCCGGATGTACGAGC-1",0,1,0,0,0,0,0,0,0
"879","TGCCTGACATCGGTCA-1",0.196451423763307,0.353525336830063,0,0.187442073666988,0.262581165739642,0,0,0,0
"880","TGCCTGATCAAACGAT-1",0.251150232901201,0.748849767098799,0,0,0,0,0,0,0
"881","TGCCTTGGCCAGGCAA-1",0,1,0,0,0,0,0,0,0
"882","TGCGACGGCCGAACGT-1",0.675419379659148,0.324580620340852,0,0,0,0,0,0,0
"883","TGCGAGAATATTACCC-1",0.360397837629654,0.445037664775173,0,0.0549876628105788,0.139576834784594,0,0,0,0
"884","TGCGATGCTAATGGCT-1",0.672868384880516,0.327131615119484,0,0,0,0,0,0,0
"885","TGCGGAGTAAAGGTGC-1",0,0.743587486223139,0,0,0.256412513776861,0,0,0,0
"886","TGCGGTGAAATTTCAT-1",0,1,0,0,0,0,0,0,0
"887","TGCGTGATTGGGTGTC-1",0,0.365414293999151,0,0.0753732584678015,0.241553701777206,0,0.317658745755841,0,0
"888","TGCTCCACAGTTCTTA-1",0.000655665503953165,0.682810323222903,0,0,0.316534011273144,0,0,0,0
"889","TGCTTAGAGAGAATGC-1",0.156711082369134,0.843288917630866,0,0,0,0,0,0,0
"890","TGGAACCACTGACACA-1",0,0.737390196050429,0,0,0.262609803949571,0,0,0,0
"891","TGGAAGGATAAAGATG-1",0,1,0,0,0,0,0,0,0
"892","TGGAATATCCTTGACC-1",0,0.465792376162546,0,0,0.534207623837454,0,0,0,0
"893","TGGAATTAGACGCTTT-1",0,1,0,0,0,0,0,0,0
"894","TGGACACCGTTGCTTG-1",0.773079904808152,0.144222019022447,0,0,0,0,0.0826980761694013,0,0
"895","TGGACGTAGGCGAATC-1",0.209418731334892,0.254512192123214,0,0.179873479310178,0.356195597231715,0,0,0,0
"896","TGGATAGAGTAACAGA-1",0,0.224112924436985,0,0.171882981607922,0.604004093955093,0,0,0,0
"897","TGGCAAACTAAATTAC-1",0,0.681273516534873,0,0.148094852916304,0.170631630548822,0,0,0,0
"898","TGGCAACTCGCGCGCC-1",0.271354332740249,0.728645667259751,0,0,0,0,0,0,0
"899","TGGCGACTGCTCCAAA-1",0.189156797463167,0.753727969756732,0,0,0.057115232780101,0,0,0,0
"900","TGGGAAATGCCTTTCC-1",0.298599045914639,0.59358140121816,0,0,0,0,0.107819552867201,0,0
"901","TGGGACCATTGGGAGT-1",0,0,0,0.265452893521565,0.734547106478435,0,0,0,0
"902","TGGGCAATAGTTGGGT-1",0,0.490893420299039,0,0,0.509106579700961,0,0,0,0
"903","TGGGCCACAAGAGCGC-1",0.245484420191176,0.754515579808824,0,0,0,0,0,0,0
"904","TGGGCCCATACTAATT-1",0,1,0,0,0,0,0,0,0
"905","TGGGCCTTGCCTGCAT-1",0,0.231909478480435,0,0.295454009351856,0.472636512167709,0,0,0,0
"906","TGGGTAAGGTTCCCGC-1",0,1,0,0,0,0,0,0,0
"907","TGGTAGAATATATGGG-1",0.299120432685997,0.413926745802036,0,0,0.286952821511968,0,0,0,0
"908","TGGTCTAGCTTACATG-1",0.454948277165174,0.127138019507867,0,0.0530085431047709,0.364905160222188,0,0,0,0
"909","TGGTGATCGTATTTGT-1",0,1,0,0,0,0,0,0,0
"910","TGGTTGGAGGATCCTG-1",0.236711327662226,0.621211029817479,0,0,0.142077642520295,0,0,0,0
"911","TGTACCTACACGAGGG-1",0,0.285959693339609,0,0,0.714040306660391,0,0,0,0
"912","TGTATGGCGCAGACAG-1",0,0.553830550180884,0,0,0.241992852560729,0,0.204176597258387,0,0
"913","TGTGACTACGCCAGTC-1",0.227551348000972,0.657928479785384,0,0,0,0,0.114520172213643,0,0
"914","TGTGGTAGGGTGCCTT-1",0,0.689596911104267,0,0.0869954194755507,0.146257597525769,0,0.0771500718944132,0,0
"915","TGTGTCGCGAGTTGCA-1",0,0,0,0.337279602912961,0.662720397087039,0,0,0,0
"916","TGTTCATAAATGTGCT-1",0.383929701560918,0.404600686458694,0,0.211469611980388,0,0,0,0,0
"917","TGTTGTCAAGAAGTCT-1",0.225583008150652,0.342926372697408,0,0,0.377921496896555,0,0.053569122255385,0,0
"918","TGTTTGAGATCGTCAG-1",0,1,0,0,0,0,0,0,0
"919","TTAACTCACGCGTGGA-1",0,1,0,0,0,0,0,0,0
"920","TTAACTTCAGGTAGGA-1",0,0.278591836969494,0,0.197892433112088,0.423179797510902,0.100335932407516,0,0,0
"921","TTAAGATAGGATTGAC-1",0,0.287073638501226,0,0,0.712926361498774,0,0,0,0
"922","TTAAGCCGACAACTTC-1",0,1,0,0,0,0,0,0,0
"923","TTAATTTCAGACGCGG-1",0.231998868334791,0.768001131665209,0,0,0,0,0,0,0
"924","TTACAGACCTAAATGA-1",0,0.355134324818556,0,0.165099957997403,0.479765717184041,0,0,0,0
"925","TTACTAAAGGACTTTA-1",0,0,0,0,1,0,0,0,0
"926","TTAGACGAGTCACCTC-1",0.0461566403903006,0.702921693522743,0,0.0490452375171703,0.201876428569786,0,0,0,0
"927","TTAGAGTTTAGAAGGA-1",0.0106460938532132,0.776069843109563,0,0,0.213284063037224,0,0,0,0
"928","TTAGATAGGTCGATAC-1",0,0,0,0.274270307374672,0.564887265937568,0,0.160842426687759,0,0
"929","TTAGCAACATGGATGT-1",0.520794610419308,0.319330824958954,0,0,0.159874564621738,0,0,0,0
"930","TTAGCTAATACGATCT-1",0,1,0,0,0,0,0,0,0
"931","TTAGTTATTCGTGGCA-1",0,1,0,0,0,0,0,0,0
"932","TTATCCTCAAGGAATA-1",0.483352318814079,0.516647681185921,0,0,0,0,0,0,0
"933","TTATCGCCTGCGAAGC-1",0.443683465859571,0.190265509601784,0,0.154292817091729,0.211758207446916,0,0,0,0
"934","TTATGACAAACTGGAT-1",0.317485032617335,0.329967910012927,0,0.157963367294055,0.194583690075683,0,0,0,0
"935","TTATGTTTGCGATAGA-1",0.771443932850517,0.228556067149483,0,0,0,0,0,0,0
"936","TTATTAGGGAAGCATC-1",0,0,0,0.37969350267802,0.54396509417978,0,0.0763414031422004,0,0
"937","TTATTATCTGGAAGGC-1",0,1,0,0,0,0,0,0,0
"938","TTCAAGCCGAGCTGAG-1",0.362076957843993,0.637923042156007,0,0,0,0,0,0,0
"939","TTCAGCCCTGGTCCAC-1",0,1,0,0,0,0,0,0,0
"940","TTCAGCTGGCGTGCCC-1",0,1,0,0,0,0,0,0,0
"941","TTCATAGGGTGTCCAT-1",0.701631807906854,0.298368192093147,0,0,0,0,0,0,0
"942","TTCATGGCGCAACAGG-1",0,1,0,0,0,0,0,0,0
"943","TTCCAATCAGAGCTAG-1",0,1,0,0,0,0,0,0,0
"944","TTCCACACAGATTTGA-1",0,0,0,0.157803453712504,0.46082346395931,0,0.381373082328186,0,0
"945","TTCCGCAGAGAAATAT-1",0,1,0,0,0,0,0,0,0
"946","TTCCGGCCTTGAGGCT-1",0.0938909678223746,0.725356880925909,0,0.0294258761495924,0.151326275102124,0,0,0,0
"947","TTCCGGTTACCCACTT-1",0.186046032386181,0.684380447401226,0,0,0.129573520212593,0,0,0,0
"948","TTCGGCTAGAGATGGT-1",0.700341975211163,0.10549771016611,0,0,0.194160314622727,0,0,0,0
"949","TTCGGGCGCTAGTCTT-1",0.557654279943817,0.30340444525472,0,0,0,0,0.138941274801463,0,0
"950","TTCGTAATCCCAGCGG-1",0,1,0,0,0,0,0,0,0
"951","TTCGTACTCCAGAACG-1",0.683699677025797,0.306812226831655,0,0,0.00948809614254715,0,0,0,0
"952","TTCGTTCAACGAAGTT-1",0,0.697674608090263,0,0,0.302325391909737,0,0,0,0
"953","TTCTGACCGGGCTCAA-1",0.38806730477806,0.61193269522194,0,0,0,0,0,0,0
"954","TTCTTAGTGGCTCAGA-1",0,0.339844271128977,0,0.226217459217665,0.433938269653357,0,0,0,0
"955","TTCTTATCCGCTGGGT-1",0,1,0,0,0,0,0,0,0
"956","TTCTTGGACGATCTGC-1",0,1,0,0,0,0,0,0,0
"957","TTCTTGGAGTAATGAG-1",0.459998891391894,0.540001108608106,0,0,0,0,0,0,0
"958","TTCTTTGGTCGCGACG-1",0,0.727836392390238,0,0.0720219748888471,0.200141632720915,0,0,0,0
"959","TTGAAAGGTGTAAAGG-1",0,0,0,0,1,0,0,0,0
"960","TTGAACGAATCCTTTG-1",0.250690535518172,0.667661563513016,0,0,0,0,0.0816479009688124,0,0
"961","TTGACAGGAGCTCCCG-1",0.131840415316533,0.422369650468031,0,0.255768709820412,0.190021224395024,0,0,0,0
"962","TTGACCATGTTCTCCG-1",0,0.589971569903533,0,0,0.410028430096467,0,0,0,0
"963","TTGACCGTGTTAATGA-1",0,1,0,0,0,0,0,0,0
"964","TTGAGAAGTTTAGCAT-1",0,1,0,0,0,0,0,0,0
"965","TTGATGTGTAGTCCCG-1",0.0216511187714044,0.500011368407895,0,0.0536703745451206,0.42466713827558,0,0,0,0
"966","TTGATTAGCTGTTTCT-1",0.132477111707964,0.645028297932629,0,0,0.222494590359407,0,0,0,0
"967","TTGATTATGCAGATGA-1",0.221853562751608,0.507071394555329,0,0,0.271075042693063,0,0,0,0
"968","TTGCGGCATCAGAAAG-1",0.190486307517615,0.809513692482385,0,0,0,0,0,0,0
"969","TTGCGTAGTTTGAGGA-1",0.958854081911181,0,0,0.0411459180888185,0,0,0,0,0
"970","TTGCGTCGGCCAACCG-1",0.158931574986424,0.531974053247053,0,0.0701579806388863,0.238936391127636,0,0,0,0
"971","TTGCGTGAACGCTTAG-1",0.155690090589449,0.491658051814038,0,0,0.352651857596513,0,0,0,0
"972","TTGGAAGAATACAGTC-1",0.261007183823678,0.689142725275914,0,0,0.0498500909004082,0,0,0,0
"973","TTGGACCATCTGGCAA-1",0,1,0,0,0,0,0,0,0
"974","TTGGACCTATAACAGT-1",0,0.557619294920971,0,0.0735733407510051,0.368807364328024,0,0,0,0
"975","TTGGCCATCTTGCGCT-1",0,1,0,0,0,0,0,0,0
"976","TTGGCTCGCATGAGAC-1",0,0,0,0.122692475425799,0.724348307926591,0,0.15295921664761,0,0
"977","TTGGGACGTAAGAGTT-1",0.37829782384652,0.62170217615348,0,0,0,0,0,0,0
"978","TTGTAAGGACCTAAGT-1",0,0,0,0.303924160768326,0.696075839231674,0,0,0,0
"979","TTGTATCACACAGAAT-1",0,1,0,0,0,0,0,0,0
"980","TTGTGAACCTAATCCG-1",0.0881970463651035,0.803341232765117,0,0,0.10846172086978,0,0,0,0
"981","TTGTGGTAGGAGGGAT-1",0.248930741420786,0.751069258579213,0,0,0,0,0,0,0
"982","TTGTTTCCATACAACT-1",0,0,0,0,1,0,0,0,0
