"","cell_ID","SMCs_Fibroblasts_Hybrids","SMCs_maintype","SMCs_subtype","Macrophages_and_MDSCs","Fibroblasts","Mast_cells","Endothelial_cells","NK_and_T_cells","B_cells"
"1","AAACAACGAATAGTTC-1",0,0,0,0,1,0,0,0,0
"2","AAACAAGTATCTCCCA-1",0.164116097205918,0.835883902794082,0,0,0,0,0,0,0
"3","AAACCCGAACGAAATC-1",0,0,0,0.206453578663286,0.793546421336714,0,0,0,0
"4","AAACGAAGAACATACC-1",0.829281059382479,0,0,0.170718940617521,0,0,0,0,0
"5","AAACGGGTTGGTATCC-1",0.457273671456275,0.475755495364872,0,0.0669708331788526,0,0,0,0,0
"6","AAAGGGCAGCTTGAAT-1",0.386401722903306,0.613598277096694,0,0,0,0,0,0,0
"7","AAATAAGGTAGTGCCC-1",0,0,0,0,0.249300321676272,0,0.693157312956692,0,0.0575423653670355
"8","AAATAGCTTAGACTTT-1",0.614029120561554,0.272691729943763,0,0,0,0,0.113279149494683,0,0
"9","AAATCTAGCCCTGCTA-1",0,0,0,0,1,0,0,0,0
"10","AAATGACTGATCAAAC-1",0,0,0,0.230750812333946,0.536070444479537,0,0.166123698115953,0,0.0670550450705644
"11","AAATGGCATGTCTTGT-1",0,1,-1.10470346399955e-19,0,0,0,0,0,0
"12","AAATGTGGGTGCTCCT-1",0.677047039350543,0,0,0.322952960649457,0,0,0,0,0
"13","AAATTCCAGGTCCAAA-1",0,0,0,0.150941008311398,0.849058991688602,0,0,0,0
"14","AAATTGCGGCGGTTCT-1",1,0,0,0,0,0,0,0,0
"15","AACACACGCTCGCCGC-1",0,0,0,0,0,0,0,0,0
"16","AACACGACTGTACTGA-1",0.84705940219677,0.0297992256251128,0,0.123141372178117,0,0,0,0,0
"17","AACAGGAAATCGAATA-1",0.131514332280873,0.868485667719127,0,0,0,0,0,0,0
"18","AACATTGGTCAGCCGT-1",0.316652634451923,0.683347365548077,0,0,0,0,0,0,0
"19","AACCCGCTGTATTCCA-1",0,0,0,0.234175690618767,0.437568197393227,0,0,0.177806143058957,0.150449968929049
"20","AACCCTGGTGGAACCA-1",0.271892461207996,0.728107538792004,0,0,0,0,0,0,0
"21","AACCGTTGTGTTTGCT-1",0.687516479248446,0.229985638414707,0,0.0824978823368463,0,0,0,0,0
"22","AACCTGTCACGGAATT-1",0,0,0,0,1,0,0,0,0
"23","AACGATAGAAGGGCCG-1",0.664721987767853,0,0,0.335278012232147,0,0,0,0,0
"24","AACGATATGTCAACTG-1",0,0,0,0,1,0,0,0,0
"25","AACGCTGTTGCTGAAA-1",0,0,0,0.151239854811993,0.848760145188007,0,0,0,0
"26","AACGGACGTACGTATA-1",0.430346185628161,0.569653814371839,0,0,0,0,0,0,0
"27","AACGTAGTCTACCCAT-1",0.418297612915537,0.234979531124235,0,0.346722855960229,0,0,0,0,0
"28","AACGTCAGACTAGTGG-1",0.297536817511933,0.702463182488068,0,0,0,0,0,0,0
"29","AACGTCATCCGGCTTG-1",0,0,0,0.160374660424501,0.416107479963675,0,0.251707246506937,0,0.171810613104887
"30","AACGTGCGAAAGTCTC-1",0.55323208498077,0.44676791501923,0,0,0,0,0,0,0
"31","AACTACCCGTTTGTCA-1",0,0,0,0.145755806031959,0.854244193968041,0,0,0,0
"32","AACTCGATAAACACGT-1",0,0,0,0,0.745003230971972,0,0,0,0.254996769028028
"33","AACTGATATTAGGCCT-1",0.169008914455553,0.830991085544447,0,0,0,0,0,0,0
"34","AACTTCTGCGTCTATC-1",0.321640633339414,0.678359366660586,0,0,0,0,0,0,0
"35","AACTTGCCCGTATGCA-1",0,0,0,0,1,0,0,0,0
"36","AACTTGCGTTCTCGCG-1",0.321263187704392,0,0,0.678736812295608,0,0,0,0,0
"37","AAGACTAACCCGTTGT-1",0.350012052896491,0.0905171054124576,0,0.559470841691051,0,0,0,0,0
"38","AAGACTGCAAGCTACT-1",0,0,0,0,0.620421355272085,0,0.379578644727915,0,0
"39","AAGAGATGAATCGGTA-1",0,0,0,0,1,0,0,0,0
"40","AAGAGCTCTTTATCGG-1",0.927530795423695,0.0724692045763054,0,0,0,0,0,0,0
"41","AAGCCGAAGCGGTTTA-1",0,1,0,0,0,0,0,0,0
"42","AAGCTCGTGCCAAGTC-1",0,0,0,0,0,0,0,0,0
"43","AAGGAGAACTTATAAG-1",0.551491304328446,0.188138117431701,0,0.260370578239853,0,0,0,0,0
"44","AAGGATCGATCGCTTG-1",0.783922211436402,0.216077788563598,0,0,0,0,0,0,0
"45","AAGGCAGGCTGTCTCC-1",0,0,0,0,1,0,0,0,0
"46","AAGGCGCGTAAAGCTT-1",0.68376640292376,0.31623359707624,0,0,0,0,0,0,0
"47","AAGGTATCCTAATATA-1",0,0,0,0,0,0,0,0,0
"48","AAGTAAGCTTCCAAAC-1",0.527350906255148,0,0,0.472649093744852,0,0,0,0,0
"49","AAGTAGAAGACCGGGT-1",0.840398050336331,0,0,0.159601949663669,0,0,0,0,0
"50","AAGTGTTTGGAGACGG-1",0.026149706372052,0.658919538346863,0,0,0.314930755281085,0,0,0,0
"51","AAGTTTACTAATGGCA-1",0.833439580565339,0,0,0.166560419434661,0,0,0,0,0
"52","AATAAGTCCTCGAGAC-1",0.108416065438365,0.776103040488809,0,0,0.115480894072826,0,0,0,0
"53","AATACAATGTTTCAGG-1",0.108655643674041,0.79972870892067,0,0,0.0916156474052893,0,0,0,0
"54","AATAGAATCTGTTTCA-1",0.921288299557167,0.0787117004428332,0,0,0,0,0,0,0
"55","AATATCGAATCAATGC-1",0.0590845812961386,0.780924742564533,0,0,0.159990676139328,0,0,0,0
"56","AATATCGAGGGTTCTC-1",0.423148885793707,0.576851114206293,0,0,0,0,0,0,0
"57","AATCAGACTGCAGGAC-1",0.29480244946621,0.196421582765082,0,0.508775967768708,0,0,0,0,0
"58","AATCATGTAAAGACTC-1",0,0,0,0.338923774131716,0.661076225868284,0,0,0,0
"59","AATCCCGCTCAGAGCC-1",0,0,0,0.123994079320807,0.4314372850712,0,0.190142130252484,0,0.25442650535551
"60","AATCGCCTCAGCGCCA-1",0.944763011243328,0.0552369887566724,0,0,0,0,0,0,0
"61","AATCGCGCAGAGGACT-1",0.0849590208747134,0.915040979125287,0,0,0,0,0,0,0
"62","AATCTATGCCGGAGCC-1",0,0,0,0.337336229808033,0.662663770191967,0,0,0,0
"63","AATGACGTAGGATGTC-1",0,0,0,0,0,0,0,0,0
"64","AATGACTGTCAGCCGG-1",0.30320680163367,0.69679319836633,0,0,0,0,0,0,0
"65","AATGAGTTCGCATATG-1",0.558817746018444,0.297541348767039,0,0.143640905214517,0,0,0,0,0
"66","AATGATGATACGCTAT-1",0.675326076794468,0.324673923205532,0,0,0,0,0,0,0
"67","AATGATGCGACTCCTG-1",0,0,0,0,0,0,0,0,0
"68","AATGCACCAAGCAATG-1",0,0,0,0,0.282164019830474,0,0.717835980169526,0,0
"69","AATTACTCGTACGCTC-1",0,0,0,0,1,0,0,0,0
"70","AATTCATAAGGGATCT-1",0.526512594824868,0.473487405175132,0,0,0,0,0,0,0
"71","AATTCCAACTTGGTGA-1",0,0,0,0,0.851391929067892,0,0,0,0.148608070932108
"72","AATTGAACGCTCTGGT-1",0.713703569766127,0.286296430233873,0,0,0,0,0,0,0
"73","AATTTGGTTCCAAAGA-1",0.657288815718453,0.342711184281547,0,0,0,0,0,0,0
"74","ACAAATCGCACCGAAT-1",0.18646074592571,0.519272775262449,0,0.0990120947644622,0.195254384047378,0,0,0,0
"75","ACAAATGGTAGTGTTT-1",1,0,0,0,0,0,0,0,0
"76","ACAACAGCATGAGCTA-1",0.0380290458138136,0.961970954186186,0,0,0,0,0,0,0
"77","ACAAGGGCAGGCTCTG-1",0.352801886124076,0.531011188774883,0,0,0.116186925101041,0,0,0,0
"78","ACAATCGATCTTTATA-1",0.562506416070187,0.437493583929813,0,0,0,0,0,0,0
"79","ACAATTGTGTCTCTTT-1",0,1,0,0,0,0,0,0,0
"80","ACAATTTGAGCAGTGG-1",0.496475903563478,0.432274919076077,0,0,0,0,0.0712491773604456,0,0
"81","ACACACTTTCTACACG-1",0.308894849942411,0.691105150057589,0,0,0,0,0,0,0
"82","ACACATTGACGCAACA-1",0,0,0,0.1178382147849,0.8821617852151,0,0,0,0
"83","ACACCCAGCATGCAGC-1",0.347140474491188,0.504915747149017,0,0,0.147943778359795,0,0,0,0
"84","ACACCTTAAGTAGGGC-1",0,1,0,0,0,0,0,0,0
"85","ACACCTTACTACTTGC-1",0.405281264657663,0.594718735342337,0,0,0,0,0,0,0
"86","ACACGAGACTCCTTCT-1",0.238486527658435,0.563112822022292,0,0,0.198400650319273,0,0,0,0
"87","ACACGGCACTATGCAT-1",0.0236492059966242,0.976350794003376,0,0,0,0,0,0,0
"88","ACACGGGAACTTAGGG-1",0.220591293263303,0.535735441540066,0,0,0.243673265196631,0,0,0,0
"89","ACACTCCAATGTCACT-1",0.46464614849728,0.53535385150272,0,0,0,0,0,0,0
"90","ACAGGCTTGCCCGACT-1",0,0,0,0.151367989534167,0.848632010465833,0,0,0,0
"91","ACATCGTATGCAATGG-1",0.934450629440936,0.0655493705590636,0,0,0,0,0,0,0
"92","ACATGGCTCAATTTAG-1",0.401421700125162,0.598578299874838,0,0,0,0,0,0,0
"93","ACCAAACTAGAAATCC-1",0,1,0,0,0,0,0,0,0
"94","ACCAAGAACGCGTGTC-1",0.787788115738255,0,0,0.212211884261745,0,0,0,0,0
"95","ACCACGTGCAGCTATA-1",0,0,0,0,1,0,0,0,0
"96","ACCACTGTTCAAGAAG-1",0,0,0,0,0.435355795166589,0,0.564644204833411,0,0
"97","ACCAGCCCGGTCTTTG-1",0,0,0,0,1,0,0,0,0
"98","ACCAGTGCGGGAGACG-1",0.705595538690315,0.215596720340737,0,0.0788077409689477,0,0,0,0,0
"99","ACCCACCTACATGCTC-1",0.210725258310645,0.789274741689355,0,0,0,0,0,0,0
"100","ACCCTATAGGACTGAG-1",0.655737925776958,0,0,0.344262074223042,0,0,0,0,0
"101","ACCCTCCCTTGCTATT-1",0.656215853359348,0.343784146640652,0,0,0,0,0,0,0
"102","ACCCTTCATCTGCGAA-1",0.509823242843762,0.490176757156238,0,0,0,0,0,0,0
"103","ACCGCAATAACTGCCT-1",0,0,0,0.241065518148305,0.758934481851695,0,0,0,0
"104","ACCGCGGTGGAAGTCG-1",0.936566726500524,0.0634332734994756,0,0,0,0,0,0,0
"105","ACCGTTCCCGCTCTGA-1",0.735110111181171,0.264889888818829,0,0,0,0,0,0,0
"106","ACCTACAGTATGTGGT-1",0,0,0,0,0,0,0,0,0
"107","ACCTCCGTTATTCACC-1",5.71773748320009e-18,0.916038936513442,0,0,0.0839610634865583,0,0,0,0
"108","ACCTTTCCTTTAGAAG-1",0.169121438351685,0.830878561648315,0,0,0,0,0,0,0
"109","ACGAGTACGGATGCCC-1",0,0,0,0,0,0,0,0,0
"110","ACGAGTCGCCGGCGTT-1",0,0,0,0,0.0675836171555645,0,0,0,0.932416382844435
"111","ACGATACATAGAACTA-1",0.299457887610166,0.351301001885758,0,0,0.349241110504076,0,0,0,0
"112","ACGATGGATCCGATGC-1",0.0842877706941188,0.915712229305881,0,0,0,0,0,0,0
"113","ACGCAATCACTACAGC-1",0,0,0,0.26424325422041,0.73575674577959,0,0,0,0
"114","ACGCCCAGCTGTCGAT-1",0,0,0,0.0862421913327306,0.913757808667269,0,0,0,0
"115","ACGGCGACGATGGGAA-1",0,0,0,0,1,0,0,0,0
"116","ACGGGTCATGTGACTT-1",0,0,0,0.0894336342213018,0.910566365778698,0,0,0,0
"117","ACGTACAGATTTCTCT-1",0.993485494061977,0.00651450593802336,0,0,0,0,0,0,0
"118","ACGTCCTAAACGAGAT-1",0.334224087689009,0.665775912310991,0,0,0,0,0,0,0
"119","ACGTGCGCCTCGTGCA-1",0.271175484121756,0.728824515878244,0,0,0,0,0,0,0
"120","ACGTTAATGTCGAAGA-1",0.381072430553576,0.552104545116973,0,0,0.0668230243294506,0,0,0,0
"121","ACGTTATTGGTCACTC-1",0,0,0,0.0943647081430686,0.905635291856931,0,0,0,0
"122","ACGTTCGCAATCAATT-1",0,0,0,0.347271858925669,0.652728141074331,0,0,0,0
"123","ACGTTTAGTTGTGATC-1",0.0854353725981808,0.914564627401819,0,0,0,0,0,0,0
"124","ACTACCAGCTCTCTGG-1",0.258876837021406,0.741123162978594,0,0,0,0,0,0,0
"125","ACTAGTTGCGATCGTC-1",0,1,0,0,0,0,0,0,0
"126","ACTATCCAGGGCATGG-1",0.495146724156726,0.384590987134779,0,0.120262288708496,0,0,0,0,0
"127","ACTCGATGTATTTCAT-1",0,0,0,0.107564933459499,0.892435066540501,0,0,0,0
"128","ACTCGTCAGTAATCCC-1",1,0,0,0,0,0,0,0,0
"129","ACTCTCTGACTTAGGT-1",0,0,0,0,0,0,0,0,0
"130","ACTCTTGTATAGTAAC-1",0,0,0,0.0989677331697424,0.901032266830258,0,0,0,0
"131","ACTGAATGGCGAAAGT-1",0.612758464717451,0.387241535282549,0,0,0,0,0,0,0
"132","ACTGCGGACACACCGT-1",0,0,0,0.235762533658946,0.764237466341054,0,0,0,0
"133","ACTGTACGATACACAT-1",0.805030429296343,0.194969570703657,0,0,0,0,0,0,0
"134","ACTGTAGCACTTTGGA-1",0.0666506397361047,0.770030948686949,0,0,0.163318411576946,0,0,0,0
"135","ACTGTTTAGTGTAGGC-1",0.771383038263028,0.0317303590020378,0,0.196886602734934,0,0,0,0,0
"136","ACTTATCTGATCTATA-1",0.782186321560958,0,0,0.217813678439041,0,0,0,0,0
"137","ACTTCAGGCTGATCCC-1",0,0,0,0.377564759850397,0.622435240149603,0,0,0,0
"138","ACTTCGCCATACGCAC-1",0.118134965243189,0.881865034756811,0,0,0,0,0,0,0
"139","ACTTGACTCCCTCTTT-1",0,0,0,0.189913064494888,0.810086935505112,0,0,0,0
"140","ACTTTACCCTCATGAA-1",0.607882561360175,0.392117438639825,0,0,0,0,0,0,0
"141","AGAACGTGGTACATTC-1",0,0,0,0,1,0,0,0,0
"142","AGACGAAGTGCCGGTC-1",0.8603406902262,0.1396593097738,0,0,0,0,0,0,0
"143","AGAGCGGGCTAATCAT-1",0.261742129901365,0.738257870098635,0,0,0,0,0,0,0
"144","AGAGCGTACAAGCTCG-1",1,0,0,0,0,0,0,0,0
"145","AGAGCTACGAAAGCAT-1",0.708138583088588,0.291861416911412,0,0,0,0,0,0,0
"146","AGAGGCTTCGGAAACC-1",0,1,0,0,0,0,0,0,0
"147","AGAGTAAACTTCACTA-1",0.113567235446981,0.886432764553019,0,0,0,0,0,0,0
"148","AGATACTCAAGATCGA-1",0.932728346884767,0.0672716531152335,0,0,0,0,0,0,0
"149","AGATCGTGCATAAGAT-1",0.125699774492857,0.874300225507143,0,0,0,0,0,0,0
"150","AGATCTCAGGTGTGAT-1",0,0,0,0,0,0,0,0,0
"151","AGATGACTCGCCCACG-1",0.268057632803729,0.731942367196271,0,0,0,0,0,0,0
"152","AGATGATGGAGTCTGG-1",0.729649242317255,0.204408790408973,0,0,0,0,0.0659419672737716,0,0
"153","AGATGCTATAACGAGC-1",0,0,0,0,0.671147757948701,0,0,0,0.328852242051299
"154","AGCATATCAATATGCT-1",0,0,0,0,0,0,0,0,0
"155","AGCATCGTCGATAATT-1",0.111509477381383,0.888490522618617,0,0,0,0,0,0,0
"156","AGCCACTCCCGTGCTT-1",0,0,0,0,0,0,0,0,0
"157","AGCCCTAAGCGAAGTT-1",0.777329983478854,0.222670016521146,0,0,0,0,0,0,0
"158","AGCCTTAAAGCGGAAG-1",0,0,0,0,1,0,0,0,0
"159","AGCGACATCCCATTCA-1",0,0,0,0,0,0,0,0,0
"160","AGCGCTAGAGCGATGT-1",0,0,0,0.581646055136315,0.418353944863685,0,0,0,0
"161","AGCGTAGCGCTAGACC-1",0.472341964401362,0,0,0.527658035598638,0,0,0,0,0
"162","AGCTAGAAGCAGAAGT-1",0.103102450050506,0.790514669623049,0,0,0.106382880326445,0,0,0,0
"163","AGCTCCTTCGCACATC-1",0,0,0,0,1,0,0,0,0
"164","AGCTCTAGACGTTCCA-1",0,0,0,0,0,0,0,0,0
"165","AGCTCTTCCCAGTGCA-1",0,0,0,0.385099491816862,0.308698680809289,0,0.306201827373848,0,0
"166","AGCTGAAGTAAACCAA-1",0,0,0,0.155626988029419,0.844373011970581,0,0,0,0
"167","AGGAAAGCCTCTGATG-1",0.155884260484588,0.844115739515412,0,0,0,0,0,0,0
"168","AGGAGGCCTTCGCGCG-1",0.239966351592016,0.653685956712409,0,0,0.106347691695575,0,0,0,0
"169","AGGCAAAGAGGAATCA-1",0.435485050740325,0.188975752764619,0,0.375539196495056,0,0,0,0,0
"170","AGGCATTGTCGTAGGG-1",1,0,0,0,0,0,0,0,0
"171","AGGCCCAGTGACTGGT-1",1,0,0,0,0,0,0,0,0
"172","AGGCCCATTGTACAGG-1",0.885632710874387,0,0,0.114367289125613,0,0,0,0,0
"173","AGGCTATGGTTAGCTT-1",0.141888300248066,0.858111699751934,0,0,0,0,0,0,0
"174","AGGCTTGCTAGACACC-1",0,0,0,0.146872132062379,0.853127867937621,0,0,0,0
"175","AGGGACCGGCTGCGTT-1",0,0,0,0,0,0,0,0,0
"176","AGGGAGACATACTTCG-1",0,0,0,0.11125495450997,0.88874504549003,0,0,0,0
"177","AGGTATAATTGATAGT-1",0.481225432236238,0.518774567763762,0,0,0,0,0,0,0
"178","AGGTCGCCACTTCGGT-1",0.402300305023347,0,0,0.597699694976653,0,0,0,0,0
"179","AGGTCGCGGAGTTACT-1",0,0,0,0,0,0,0,0,0
"180","AGGTTACACCATGCCG-1",0.0886964205246572,0.651606373089996,0,0,0.259697206385346,0,0,0,0
"181","AGGTTGAGGCACGCTT-1",0,0,0,0.2464903154733,0.7535096845267,0,0,0,0
"182","AGTAATGTCTTGCCGC-1",0.551196760754458,0.448803239245542,0,0,0,0,0,0,0
"183","AGTACATCATTTATCA-1",0,0.889701472618114,0,0,0.110298527381886,0,0,0,0
"184","AGTACGGGCACCTGGC-1",0,0,0,0,0,0,0,0,0
"185","AGTATAATACTAGGCA-1",0.287993874337235,0.712006125662765,0,0,0,0,0,0,0
"186","AGTATCCATAATAACG-1",0.368121609670332,0,0,0.631878390329668,0,0,0,0,0
"187","AGTCAAGATGACACTT-1",0.955174948667571,0.0448250513324294,0,0,0,0,0,0,0
"188","AGTCACTAGCTCTCGA-1",0,0,0,0.0830303050638546,0.537548458508398,0,0.379421236427747,0,0
"189","AGTCCAGCGGGTACGT-1",0.742611721701409,0.189540938376259,0,0.0678473399223325,0,0,0,0,0
"190","AGTCGGCCCAAACGAC-1",0,0,0,0,0,0,0,0,0
"191","AGTCGGTTGCGTGAGA-1",0,0,0,0,0,0,0,0,0
"192","AGTCTAAAGTATACTC-1",0,0,0,0,1,0,0,0,0
"193","AGTCTGGACATCCTTG-1",1,0,0,0,0,0,0,0,0
"194","AGTGAGCCTCGCCGCC-1",0.545654225206108,0.377097207023739,0,0,0,0,0.0772485677701531,0,0
"195","AGTGCACGCTTAAGAA-1",0,1,0,0,0,0,0,0,0
"196","AGTGTGCTAAGATCGC-1",0,0.560321994505442,0,0.0700995011641325,0.369578504330425,0,0,0,0
"197","AGTGTGGTCTATTGTG-1",1,0,0,0,0,0,0,0,0
"198","AGTTCTGCGTTGTATC-1",0.536686135700636,0,0,0.463313864299363,0,0,0,0,0
"199","AGTTGCTGACTGATAT-1",0.769235260378645,0.230764739621355,0,0,0,0,0,0,0
"200","AGTTTCGCAGGTCGGA-1",0.665139137826547,0.171406618273398,0,0.163454243900055,0,0,0,0,0
"201","AGTTTGGCACGGGTTG-1",1,0,0,0,0,0,0,0,0
"202","ATAACGGAGTCCAACG-1",0.265284270559579,0.658380627374006,0,0,0.076335102066414,0,0,0,0
"203","ATAAGTAGGATTCAGA-1",0.524181764707518,0.475818235292482,0,0,0,0,0,0,0
"204","ATAAGTAGGGCGACTC-1",0.91632881408327,0.0836711859167297,0,0,0,0,0,0,0
"205","ATAATACCGTTAGCCG-1",0.479744985266723,0.520255014733277,0,0,0,0,0,0,0
"206","ATACCAGCAAATTGCT-1",0.753362841836721,0,0,0.246637158163279,0,0,0,0,0
"207","ATACCAGGTGAGCGAT-1",0.623296692969853,0,0,0.376703307030147,0,0,0,0,0
"208","ATACCCTGGCTCAAAT-1",0,0,0,0,0.486659565288655,0,0,0,0.513340434711345
"209","ATACGCCGATCTACCG-1",0.548119950350869,0,0,0.451880049649132,0,0,0,0,0
"210","ATACGCCGGCGAAACC-1",0.919577883804129,0.0804221161958705,0,0,0,0,0,0,0
"211","ATACGGGTTTCGATTG-1",0,0,0,0,0,0,0,0,0
"212","ATAGATTTGCAGTCGG-1",0.313547522394634,0.686452477605366,0,0,0,0,0,0,0
"213","ATAGCCTCAGTACCCA-1",0.0176789479924229,0.982321052007577,0,0,0,0,0,0,0
"214","ATAGCTGCTCTTGTTA-1",0,0,0,0,1,0,0,0,0
"215","ATAGGCTAGCTTCGCA-1",0.346487091971719,0.511683879943721,0,0,0,0,0.141829028084561,0,0
"216","ATAGTCTTTGACGTGC-1",0.917382250344163,0.0826177496558375,0,0,0,0,0,0,0
"217","ATATCGGTAGGGAGAT-1",0.250208716187281,0.749791283812719,0,0,0,0,0,0,0
"218","ATATCTCCCTCGTTAA-1",0,0,0,0.182174768178579,0.668586608514,0,0.149238623307421,0,0
"219","ATCAAACACTGTTCCA-1",0.280191009914026,0.719808990085974,0,0,0,0,0,0,0
"220","ATCAAAGAGCCGTGGT-1",0,0.707718908229477,0,0,0.292281091770523,0,0,0,0
"221","ATCACATTAGAATATC-1",0,0,0,0,1,0,0,0,0
"222","ATCAGTAGGCAGGGAT-1",0.701077802093776,0.298922197906224,0,0,0,0,0,0,0
"223","ATCCAACGCAGTCATA-1",0,0,0,0,0,0,0,0,0
"224","ATCGCACGATTGTTCA-1",1,0,0,0,0,0,0,0,0
"225","ATCGCCAGTCAACATT-1",0.822664380105578,0.177335619894422,0,0,0,0,0,0,0
"226","ATCGGCAAGCAGTCCA-1",0.193053414367969,0.511851585447321,0,0,0.29509500018471,0,0,0,0
"227","ATCGTCCAATCGAGTC-1",0,1,0,0,0,0,0,0,0
"228","ATCTGATAGTGTCTTA-1",0.0806193244861856,0.819058706467038,0,0,0.100321969046776,0,0,0,0
"229","ATCTGGTTAAGACTGT-1",0.0633526527311856,0.936647347268814,0,0,0,0,0,0,0
"230","ATCTGTAATTGTACCC-1",0.918034812717417,0,0,0.0819651872825826,0,0,0,0,0
"231","ATCTTGACCTGCAACG-1",0.197057170656691,0.642432814409911,0,0,0.160510014933398,0,0,0,0
"232","ATCTTGACTTGTCCAA-1",0,0,0,0,0,0,0,0,0
"233","ATGAAGCCAAGGAGCC-1",0,0,0,0,0,0,0,0,0
"234","ATGACGCCGGCTCTAA-1",0.759147175322889,0.240852824677111,0,0,0,0,0,0,0
"235","ATGACTATGCGACATT-1",0.8583060723671,0.1416939276329,0,0,0,0,0,0,0
"236","ATGAGGAGTGTTAATC-1",0,0,0,0,0,0,0,0,0
"237","ATGATCGGGAATAGAC-1",0.87120548943149,0,0,0.12879451056851,0,0,0,0,0
"238","ATGCCGGTCTTGCATA-1",0,0,0,0,0,0,0,0,0
"239","ATGCCGGTTGATGGGA-1",0,0,0,0.149459177260516,0.850540822739484,0,0,0,0
"240","ATGCGACAGTCCCATT-1",0.169661605190466,0.722921317282211,0,0,0.107417077527323,0,0,0,0
"241","ATGCGAGTCCCACCAC-1",1,0,0,0,0,0,0,0,0
"242","ATGGTCGCGTGGTTTC-1",0.949078182344154,0.0509218176558461,0,0,0,0,0,0,0
"243","ATGGTGCTCAAAGCCA-1",0.870694162919332,0.0140912675080572,0,0.115214569572611,0,0,0,0,0
"244","ATGTAAGGCTGCTCTT-1",0,0,0,0.201752624780216,0.798247375219784,0,0,0,0
"245","ATGTCATAATAAACGA-1",0,0,0,0.200465056176676,0.370667303621171,0,0.307466448657414,0.12140119154474,0
"246","ATGTGTAGTTTAGTCA-1",0.510645551739969,0,0,0.489354448260031,0,0,0,0,0
"247","ATTAATGAACCAGTCG-1",0.226290334792815,0.773709665207185,0,0,0,0,0,0,0
"248","ATTAATTCGGTCACTC-1",0,0,0,0,0,0,0,0,0
"249","ATTACATGTCAGTCTT-1",0,0,0,0.153445164218958,0.846554835781042,0,0,0,0
"250","ATTACTTACTGGGCAT-1",0.143805090967132,0.856194909032868,0,0,0,0,0,0,0
"251","ATTAGATTCCTCAGCA-1",0.0842806805325881,0.915719319467412,0,0,0,0,0,0,0
"252","ATTAGATTGATAGCGG-1",1,0,0,0,0,0,0,0,0
"253","ATTAGGCGATGCTTTC-1",0.289939211894435,0.47369051798813,0,0,0.236370270117436,0,0,0,0
"254","ATTATAGCTACTTTAC-1",0,0,0,0.189532048498314,0.810467951501686,0,0,0,0
"255","ATTATCTCGACAGATC-1",0.496564540820239,0,0,0.503435459179761,0,0,0,0,0
"256","ATTATGCCATAGGGAG-1",0.233923985346281,0.766076014653719,0,0,0,0,0,0,0
"257","ATTCAAAGTACCTGTT-1",0,0,0,0,0.385517949114655,0,0.614482050885345,0,0
"258","ATTCAGGACCTATTTC-1",0,0,0,0,1,0,0,0,0
"259","ATTCAGTAGCAGGGTC-1",0,0,0,0,0.432829756615357,0,0.0894413406973839,0,0.477728902687259
"260","ATTCCCACATAAACAA-1",0.0626756893635303,0.798834118091457,0,0,0.138490192545012,0,0,0,0
"261","ATTCCTCCGCCAGTGC-1",0.68856510405841,0.208490211159566,0,0.102944684782023,0,0,0,0,0
"262","ATTCGTGCTATCTCTT-1",0.679014049647141,0.320985950352859,0,0,0,0,0,0,0
"263","ATTGACGTAACTCGGT-1",0.328603175452767,0.519808798606504,0,0,0.151588025940729,0,0,0,0
"264","ATTGATAGCAACGAGA-1",0.413435521979019,0,0,0.586564478020981,0,0,0,0,0
"265","ATTGCGATCAGTAACT-1",0,1,0,0,0,0,0,0,0
"266","ATTGGATTACAGCGTA-1",0,0,0,0.103251145709135,0.896748854290864,0,0,0,0
"267","ATTTACTAAGTCCATT-1",0,0.778321317525901,0,0,0.221678682474099,0,0,0,0
"268","ATTTGCCTAGTTACGA-1",0.638126688529654,0.361873311470346,0,0,0,0,0,0,0
"269","CAAACTCGCGACGCCG-1",0.14641513697178,0.85358486302822,0,0,0,0,0,0,0
"270","CAAAGTCAGGTTAGCT-1",0,1,0,0,0,0,0,0,0
"271","CAAATGCGGAGTGTTC-1",0.728772600458181,0.271227399541819,0,0,0,0,0,0,0
"272","CAAATTGTCAGCAAGC-1",0,0,0,0,0,0,0,0,0
"273","CAACATGGCCTGATAA-1",0.0590353713717905,0.94096462862821,0,0,0,0,0,0,0
"274","CAACGACCCGTTTACA-1",0.541739448833753,0.458260551166247,0,0,0,0,0,0,0
"275","CAAGAGGGCGGAGTAC-1",0,0,0,0,1,0,0,0,0
"276","CAAGGGAGTGTATTTG-1",0.142116568677647,0.599459580796124,0,0,0.258423850526228,0,0,0,0
"277","CAAGGTCCTATAGGCT-1",0,0,0,0,0,0,0,0,0
"278","CAATAAACCTTGGCCC-1",0.269651031806964,0.616904577147179,0,0,0.113444391045857,0,0,0,0
"279","CAATATTGGACTAGTG-1",0.836815090903512,0.0223432224481345,0,0.140841686648353,0,0,0,0,0
"280","CAATGTGCCAACCCTT-1",0,0,0,0.101885293294048,0.898114706705952,0,0,0,0
"281","CAATTTGACCGGGAAG-1",0,1,0,0,0,0,0,0,0
"282","CACACAGGGATAGATT-1",0.449743866667951,0.550256133332049,0,0,0,0,0,0,0
"283","CACATAAGGCGACCGT-1",0.783716056762595,0.00681030995952407,0,0.209473633277881,0,0,0,0,0
"284","CACATATTAGCAGGAT-1",0,0,0,0,1,0,0,0,0
"285","CACATGTTTGGACATG-1",0.374649443326408,0.296263171604338,0,0.329087385069254,0,0,0,0,0
"286","CACATTTCTTGTCAGA-1",1,0,0,0,0,0,0,0,0
"287","CACCCACGAGGCAATT-1",0.309371151858597,0.430054534843489,0,0.131544441745828,0.129029871552086,0,0,0,0
"288","CACCGCCGACCAGCGA-1",0.728440862753312,0.271559137246688,0,0,0,0,0,0,0
"289","CACCGTATCCCATCCG-1",0,0,0,0.308648268263862,0.691351731736138,0,0,0,0
"290","CACCTTGCGAAACTCG-1",0.542373375154412,0.457626624845588,0,0,0,0,0,0,0
"291","CACGATTGGTCGTTAA-1",0.696489912488937,0.00507963451833536,0,0.298430452992728,0,0,0,0,0
"292","CACGCACAGCGCAGCT-1",0,0,0,0.18049498599415,0.81950501400585,0,0,0,0
"293","CACTCAGCTCTTGAGG-1",0,1,0,0,0,0,0,0,0
"294","CACTTCGTCTTATCTC-1",0,1,0,0,0,0,0,0,0
"295","CAGAACTTAGCCCTCT-1",0,0,0,0.264617944824302,0.735382055175698,0,0,0,0
"296","CAGAATATTCGTTATC-1",0,0,0,0.261086469951739,0.738913530048261,0,0,0,0
"297","CAGAGTGATTTAACGT-1",0,0,0,0,0,0,0,0,0
"298","CAGCAGCCCGTTCCTT-1",0.646907431794463,0.353092568205537,0,0,0,0,0,0,0
"299","CAGCAGTCCAGACTAT-1",0,1,0,0,0,0,0,0,0
"300","CAGCCCTCACAGGCAG-1",0.920505717124389,0.0794942828756112,0,0,0,0,0,0,0
"301","CAGCCTCCTGCAGAGG-1",0,0,0,0,1,0,0,0,0
"302","CAGGATCCGCCCGACC-1",0.676575529333513,0,0,0.323424470666487,0,0,0,0,0
"303","CAGTAATCCCTCCCAG-1",0.813220807809009,0.118525289649277,0,0.0682539025417143,0,0,0,0,0
"304","CAGTCGAGGATGCAAT-1",0.431510078032399,0.568489921967601,0,0,0,0,0,0,0
"305","CAGTGAATAAATGACT-1",0.922795413260332,0.0772045867396678,0,0,0,0,0,0,0
"306","CAGTGGTTGCACATGA-1",0.715351920127715,0.061503175087816,0,0.110874548396941,0,0,0.112270356387529,0,0
"307","CAGTGTCGGCTGGCCC-1",0.159506710036541,0.840493289963459,0,0,0,0,0,0,0
"308","CAGTTCCGCGGGTCGA-1",0,1,0,0,0,0,0,0,0
"309","CATACGGGTGCATGAT-1",0.583379996666774,0.416620003333226,0,0,0,0,0,0,0
"310","CATACTTAGGCAATAC-1",0.0999027647213857,0.900097235278614,0,0,0,0,0,0,0
"311","CATAGCCGCCCGGGAT-1",0,0,0,0,0.743357489959261,0,0.256642510040739,0,0
"312","CATAGTAGCATAGTAG-1",0.387724203212184,0.0952370675633329,0,0.298492649551993,0,0,0.130556715069135,0.0879893646033556,0
"313","CATCATCTACCCGGAC-1",0.207842088606801,0.792157911393199,0,0,0,0,0,0,0
"314","CATCATTACCCTGAGG-1",0.193568319957598,0.806431680042402,0,0,0,0,0,0,0
"315","CATCCGCAGGCCCGAA-1",0,1,0,0,0,0,0,0,0
"316","CATCCTCTCAAAGATC-1",0,0,0,0.310747148136276,0.577860090640189,0,0.111392761223535,0,0
"317","CATCGAATGGATCTCT-1",0.277869404928226,0.722130595071774,0,0,0,0,0,0,0
"318","CATGAACCTCTTATCA-1",0.253744772216704,0.746255227783296,6.33681539562838e-19,0,0,0,0,0,0
"319","CATGCATGGAGACCCT-1",0,1,0,0,0,0,0,0,0
"320","CATGCGTTAGACAGAA-1",0,0,0,0,0,0,0,0,0
"321","CATGGATTGTCTTCCG-1",0,0,0,0,1,0,0,0,0
"322","CATGGCAGGAAGATCG-1",0.50006420486879,0.49993579513121,0,0,0,0,0,0,0
"323","CATGGGTCGGGTGTGG-1",0.203558833431653,0.796441166568347,0,0,0,0,0,0,0
"324","CATGGTAAGTAGCGTT-1",0,0,0,0,1,0,0,0,0
"325","CATGTAAGAGACATTT-1",0,0,0,0.126321024755323,0.670266647412564,0,0.203412327832113,0,0
"326","CATGTCTCATTTATGG-1",0.456123220445671,0.543876779554329,0,0,0,0,0,0,0
"327","CATTATAACAGGGTCC-1",0,1,0,0,0,0,0,0,0
"328","CATTCACTGACAGCTA-1",0,1,0,0,0,0,0,0,0
"329","CATTCAGGTCAGTGCG-1",0.567106541891358,0,0,0.432893458108642,0,0,0,0,0
"330","CATTCCCTAAGTACAA-1",0.482850978624735,0,0,0.517149021375265,0,0,0,0,0
"331","CATTGTGTGCTAGATC-1",0.777393160887642,0.222606839112358,0,0,0,0,0,0,0
"332","CATTTAGCGGACCATG-1",0.625035850301249,0.276025922020491,0,0,0,0,0.0989382276782598,0,0
"333","CCAAACAGAACCCTCG-1",0,1,0,0,0,0,0,0,0
"334","CCAAAGCAGTTGGTTG-1",0,0.882836123678369,0,0,0.117163876321631,0,0,0,0
"335","CCAAGCGTAACTCGTA-1",0.157951582409743,0.683480945107478,0,0,0.15856747248278,0,0,0,0
"336","CCAAGCTTGATCTCCT-1",0,0,0,0,1,0,0,0,0
"337","CCAAGTTTCTACAGAT-1",0,0,0,0,0.590046611666034,0,0.409953388333966,0,0
"338","CCAATTACGGGTCGAG-1",0,0,0,0.301802210914692,0.698197789085308,0,0,0,0
"339","CCAATTGAATGTTAAT-1",0.894764099505167,0,0,0.105235900494833,0,0,0,0,0
"340","CCACAGTACCCATCCT-1",1,0,0,0,0,0,0,0,0
"341","CCACCCAAGGAAAGTG-1",0,0,0,0,0,0,0,0,0
"342","CCACGAATTTAACCTC-1",0.832769209986218,0.167230790013782,0,0,0,0,0,0,0
"343","CCACGGTGCCCGGTAG-1",0.935234936574481,0.0647650634255189,0,0,0,0,0,0,0
"344","CCACTAAACTGAATCG-1",0.777840965413679,0.222159034586321,0,0,0,0,0,0,0
"345","CCAGAGACAAAGCCGG-1",0,1,0,0,0,0,0,0,0
"346","CCAGTCTAGACGGCGC-1",0.592085676014047,0.311361203156987,0,0,0,0,0.0965531208289657,0,0
"347","CCAGTGAGCTCCTTGT-1",0,0,0,0,0.257743543143313,0,0.535797494347888,0,0.206458962508798
"348","CCATAGGTTGGCGTGG-1",0.431604541102752,0.40429148453709,0,0,0.164103974360158,0,0,0,0
"349","CCATAGTCAGTAACCC-1",0.786833130497133,0.213166869502867,0,0,0,0,0,0,0
"350","CCATATGGAAACTATA-1",0,0,0,0,1,0,0,0,0
"351","CCATATTGGATCATGA-1",0.00422109994308851,0.995778900056911,0,0,0,0,0,0,0
"352","CCATGCTCTGCAGGAA-1",0.856009711344263,0.00521878915600709,0,0.13877149949973,0,0,0,0,0
"353","CCCAACCACACTAACA-1",0.726418029638533,0.205985026035189,0,0.0675969443262777,0,0,0,0,0
"354","CCCAGTTAAGGCGCCG-1",0.959773680031947,0.0402263199680528,0,0,0,0,0,0,0
"355","CCCGAGTTTCTCCGTA-1",0,1,0,0,0,0,0,0,0
"356","CCCGCAAATAATCATC-1",0,0,0,0.116587534688837,0.290153762457169,0,0.255112719056069,0,0.338145983797925
"357","CCCGCGCAATGCACCC-1",0.929149182859234,0.0708508171407664,0,0,0,0,0,0,0
"358","CCCGCTTGCCCTCGTC-1",0.566110908967795,0.0240109851025306,0,0.264343001868399,0,0,0.063311645855561,0,0.0822234582057148
"359","CCCGGTGGAAGAACCT-1",0.28997780795571,0.411472187925627,0,0,0.298550004118663,0,0,0,0
"360","CCCGTCAGCGTCTGAC-1",0.282843353497755,0.717156646502245,0,0,0,0,0,0,0
"361","CCCGTGGGTTAATTGA-1",0,0,0,0.0595276229860547,0.516559608415837,0,0,0,0.423912768598108
"362","CCCGTTTCGCAGATGT-1",0,0,0,0,1,0,0,0,0
"363","CCCTAGCTCTAAGGTC-1",0,0,0,0.203394859648431,0.438756049177801,0,0.186246191050717,0,0.17160290012305
"364","CCCTAGTGTCAGGTGT-1",0.553465074713126,0.255259351008203,0,0.191275574278671,0,0,0,0,0
"365","CCCTCCTCGCTCGTAT-1",0.257828147455369,0.638083517081381,0,0,0.10408833546325,0,0,0,0
"366","CCCTCGGGAGCCTTGT-1",0.852882631386627,0,0,0.147117368613373,0,0,0,0,0
"367","CCCTGATGTAACTCGT-1",0.880832560477522,0.119167439522478,0,0,0,0,0,0,0
"368","CCCTGGTATGGGCGGC-1",0,0.717835929106733,0,0,0.282164070893267,0,0,0,0
"369","CCCTGTTGGCAAAGAC-1",0,0.837296310655132,0,0,0.162703689344868,0,0,0,0
"370","CCCTTCTCGTACGCGA-1",0.518189757442012,0,0,0.481810242557988,0,0,0,0,0
"371","CCGAAGTATATTGTTC-1",0,0,0,0,0,0,0,0,0
"372","CCGACAAACACATGAG-1",0.128784367203066,0.871215632796933,0,0,0,0,0,0,0
"373","CCGAGAAGTCGCATAA-1",0.0117391591535943,0.988260840846406,0,0,0,0,0,0,0
"374","CCGAGGGATGTTAGGC-1",0.815150199235566,0,0,0.184849800764434,0,0,0,0,0
"375","CCGCACAAAGACCAAC-1",0.753557356875074,0.246442643124926,0,0,0,0,0,0,0
"376","CCGCACGTGACCTCGG-1",0,0,0,0.100544508305856,0.899455491694144,0,0,0,0
"377","CCGCCACCACAATCCA-1",0.274174234789367,0.725825765210633,0,0,0,0,0,0,0
"378","CCGCTTCGCGGTTAAC-1",0.485489038846358,0.0880091053551477,0,0.312387196495103,0,0,0.114114659303391,0,0
"379","CCGGAATGGTTTCAGT-1",0.648604686455711,0.351395313544289,0,0,0,0,0,0,0
"380","CCGGCACGACCGTTTC-1",0,0,0,0,0,0,0,0,0
"381","CCGGCGCATATTGGAT-1",0.62197751006806,0.0143163211070263,0,0.298009359515524,0,0,0.0656968093093903,0,0
"382","CCGGGACCCGCAGAGA-1",0.798201103676773,0,0,0.201798896323227,0,0,0,0,0
"383","CCGGGCGGTCTCGTCA-1",0.741242717807861,0.258757282192139,0,0,0,0,0,0,0
"384","CCGGTAATGGCTAGTC-1",0.320303354197268,0.679696645802732,0,0,0,0,0,0,0
"385","CCGTAAGTTGGTCCCA-1",1,0,0,0,0,0,0,0,0
"386","CCGTGGAACGATCCAA-1",0,0,0,0,1,0,0,0,0
"387","CCGTTACGTTAGAACA-1",0.0587464181457968,0.941253581854203,0,0,0,0,0,0,0
"388","CCTAAACAGGGTCCGT-1",0.875104451205051,0.0470091872963573,0,0.0778863614985916,0,0,0,0,0
"389","CCTAAATTGTATCCTA-1",0,0,0,0,1,0,0,0,0
"390","CCTAACCCAAACAAGT-1",0.773946702974351,0.226053297025649,0,0,0,0,0,0,0
"391","CCTAACTAAGGCTCTA-1",0,0,0,0,0,0,0,0,0
"392","CCTAAGTGTCTAACCG-1",0.85868097668005,0.14131902331995,0,0,0,0,0,0,0
"393","CCTAGTTAGTCGCATG-1",0,0,0,0.147971020433404,0.852028979566596,0,0,0,0
"394","CCTATGAAGTGGTGCC-1",0,0,0,0,0,0,0,0,0
"395","CCTATGGGTTACCGTC-1",0,0,0,0,1,0,0,0,0
"396","CCTCACCTGAGGGAGC-1",0.53229786988842,0.46770213011158,0,0,0,0,0,0,0
"397","CCTCCCGACAATCCCT-1",0.640323460869535,0.110445158840189,0,0.249231380290276,0,0,0,0,0
"398","CCTCGCGCGATATAGG-1",0,0,0,0,0,0,0,0,0
"399","CCTCTAATCTGCCAAG-1",0,0,0,0.139016023017158,0.860983976982841,0,0,0,0
"400","CCTGGAAACGTTCTGC-1",0,0,0,0,0,0,0,0,0
"401","CCTGTCCCTCACGTTA-1",0,0,0,0.113733473654549,0.886266526345451,0,0,0,0
"402","CCTGTGCATAGGAGAC-1",0,1,0,0,0,0,0,0,0
"403","CGAACAGTATGGGCGT-1",0.757147467295966,0.242852532704034,0,0,0,0,0,0,0
"404","CGAACGCCCAGTGCCG-1",0.144025676166497,0.615108738222477,0,0,0.240865585611026,0,0,0,0
"405","CGAAGACTGCCCGGGA-1",0.481937578717898,0,0,0.518062421282101,0,0,0,0,0
"406","CGACATGCGATCTTCT-1",0.735471424030167,0.0469286629570516,0,0.217599913012781,0,0,0,0,0
"407","CGACTCAGGATGTTAT-1",0.603261948343563,0.396738051656437,0,0,0,0,0,0,0
"408","CGACTTTGTATAGCCT-1",0,0,0,0,0,0,0,0,0
"409","CGAGAGATGTGAACCT-1",0.201935324310207,0.735130254677612,0,0,0.0629344210121809,0,0,0,0
"410","CGAGATGTTGCCTATA-1",0.437018363545496,0,0,0.562981636454504,0,0,0,0,0
"411","CGAGATTTCGCTCGGG-1",0,0,0,0.299696045514114,0.700303954485886,0,0,0,0
"412","CGAGCACTTCAAGTTT-1",0.568214275675127,0.431785724324873,0,0,0,0,0,0,0
"413","CGAGGCCAGGCATTGG-1",0.478777206506598,0,0,0.521222793493402,0,0,0,0,0
"414","CGAGGCTAAATATGGC-1",0,0,0,0.119059981651626,0.880940018348374,0,0,0,0
"415","CGAGGGACTGCGGTCG-1",1,0,0,0,0,0,0,0,0
"416","CGATGGACCCTACGCC-1",0,0,0,0,0,0,0,0,0
"417","CGCAAACACGAGTTAC-1",0,1,0,0,0,0,0,0,0
"418","CGCAATTCTACAATAA-1",0.235831668547534,0.764168331452466,0,0,0,0,0,0,0
"419","CGCAGGCGATCCAAAC-1",0,0,0,0.0825050149064592,0.917494985093541,0,0,0,0
"420","CGCCACCCGCATTAAC-1",1,0,0,0,0,0,0,0,0
"421","CGCCATCCGATTATGA-1",0,0,0,0,0,0,0,0,0
"422","CGCCCTTGAAGGCTGA-1",0,0.647638835869695,0,0,0.352361164130305,0,0,0,0
"423","CGCCTCCCTCCTCTAT-1",0,0,0,0,0.528589565276385,0,0.471410434723615,0,0
"424","CGCGGCAGTATTACGG-1",0.779488629116917,0.0114004805141942,0,0.209110890368889,0,0,0,0,0
"425","CGCGGGAATTAGGCAG-1",0.833196586994383,0.166803413005617,0,0,0,0,0,0,0
"426","CGCGTCATATTAAACC-1",0,0,0,0,0,0,0,0,0
"427","CGCGTGCTATCAACGA-1",0.626907318250251,0.373092681749749,0,0,0,0,0,0,0
"428","CGCTACCGCCCTATGA-1",0.584641274509534,0.0928293187786908,0,0.200271904441843,0,0,0.122257502269932,0,0
"429","CGCTCGACATAATGAT-1",0.993470218142113,0.006529781857887,0,0,0,0,0,0,0
"430","CGCTGGTGACTACCCT-1",1,0,0,0,0,0,0,0,0
"431","CGCTGTGACGCCGCAC-1",0.448128205388596,0.484248126116472,0,0,0.0676236684949315,0,0,0,0
"432","CGGACCTCTGTAGTTA-1",0,0,0,0.17914507257616,0.522991195053818,0,0.212829668051523,0,0.0850340643184988
"433","CGGATAAGCGGACATG-1",0,1,0,0,0,0,0,0,0
"434","CGGCCCAACCTGTAGT-1",0,0,0,0.153228650835248,0.846771349164752,0,0,0,0
"435","CGGCTCTAAAGCTGCA-1",0.348241830577856,0.651758169422144,0,0,0,0,0,0,0
"436","CGGCTGCAAGATTAAG-1",0,1,0,0,0,0,0,0,0
"437","CGGGAATATAGTATAC-1",1,0,0,0,0,0,0,0,0
"438","CGGGAGCTTCAGTGTA-1",0.842389347524258,0.157610652475742,0,0,0,0,0,0,0
"439","CGGGAGTATACCGCCG-1",0,1,0,0,0,0,0,0,0
"440","CGGGCCATAGCCGCAC-1",0.453178773634412,0,0,0.546821226365588,0,0,0,0,0
"441","CGGGTTGTAGCTTTGG-1",0.531723989433264,0.468276010566736,0,0,0,0,0,0,0
"442","CGGTACTAGAATCAAA-1",1,0,0,0,0,0,0,0,0
"443","CGGTAGAGGTGCAGGT-1",0,0,0,0,0,0,0,0,0
"444","CGGTCAAGTGGGAACC-1",0,0,0,0,0,0,0,0,0
"445","CGGTTCAAGTAGGTGT-1",0.305436712073513,0.694563287926487,0,0,0,0,0,0,0
"446","CGTACCGAAAGTCTAG-1",0,1,0,0,0,0,0,0,0
"447","CGTAGCGAATTGTCAG-1",0.107522865768108,0.519110495926397,0,0,0.373366638305495,0,0,0,0
"448","CGTCAATCTTTAACAT-1",0,0,0,0.0872462172588282,0.912753782741172,0,0,0,0
"449","CGTCAGCTATTTACTC-1",0,0,0,0,1,0,0,0,0
"450","CGTCAGTTTATCGTCT-1",0.678039927334671,0.224709576487745,0,0.0972504961775839,0,0,0,0,0
"451","CGTCATACCATATCCA-1",0.324633778545687,0.675366221454313,0,0,0,0,0,0,0
"452","CGTCGCGGCGGGATTT-1",0.225855848860342,0.774144151139658,0,0,0,0,0,0,0
"453","CGTCTGGAAGGGCCCG-1",0,0,0,0,0,0,0,0,0
"454","CGTGCAGACTGGGACA-1",0.291017311392734,0.637982288581889,0,0,0.0710004000253772,0,0,0,0
"455","CGTGCCCGACATTTGT-1",0.993726606522114,0.00627339347788603,0,0,0,0,0,0,0
"456","CGTGCCCTCCCGAAGA-1",0,0,0,0,0,0,0,0,0
"457","CGTGCTGGCCTAGTCG-1",0.810672103892184,0.0320205807864296,0,0.157307315321387,0,0,0,0,0
"458","CGTGGCCGAATATCTA-1",1,0,0,0,0,0,0,0,0
"459","CGTTAAACTAGTTAGG-1",0,0,0,0.0928977672732192,0.907102232726781,0,0,0,0
"460","CGTTGAGCGACCGTCG-1",0,0,0,0.173719282275866,0.826280717724134,0,0,0,0
"461","CGTTGTAAACGTCAGG-1",0,0,0,0,1,0,0,0,0
"462","CGTTGTAAGATTGATT-1",0,0,0,0.138474056704791,0.861525943295209,0,0,0,0
"463","CTAAAGGATGAGATAC-1",0,0,0,0.0989631471528701,0.280395742562966,0,0.620641110284164,0,0
"464","CTAAAGTCCGAAGCTA-1",0.882995609182687,0,0,0.117004390817312,0,0,0,0,0
"465","CTAAATCCTATTCCGG-1",0.69904210466224,0.30095789533776,0,0,0,0,0,0,0
"466","CTAAGGGAATGATTGG-1",0.324291241628875,0.510986901712177,0,0,0.164721856658949,0,0,0,0
"467","CTAATTCGCACGCGCT-1",0,0,0,0.12082327256129,0.87917672743871,0,0,0,0
"468","CTAATTCTCAGATATT-1",0,0,0,0,0,0,0,0,0
"469","CTACGTGTTGCCACCA-1",0.366288909097293,0.0921905459853138,0,0.541520544917393,0,0,0,0,0
"470","CTAGATTTACGACGGC-1",0.171482265390838,0.523838211864777,0,0,0.304679522744385,0,0,0,0
"471","CTAGCAACTAATTTAC-1",0.644484486829815,0,0,0.355515513170185,0,0,0,0,0
"472","CTAGCATAGTATAATG-1",0,0,0,0.110600129247646,0.889399870752354,0,0,0,0
"473","CTAGCCGATGTTATGA-1",0,1,0,0,0,0,0,0,0
"474","CTAGGCGCCCTATCAG-1",0,1,0,0,0,0,0,0,0
"475","CTAGTCACGTCTTAAG-1",0,0,0,0,1,0,0,0,0
"476","CTATAAGAGCCAATCG-1",0.375023518061156,0.624976481938844,0,0,0,0,0,0,0
"477","CTATCGACGAAATACA-1",0,0,0,0.257255886079456,0.742744113920544,0,0,0,0
"478","CTATCGGGTCTCAACA-1",0,0,0,0,1,0,0,0,0
"479","CTATGGGAAGCGGAAT-1",0,0,0,0.121424710554981,0.878575289445019,0,0,0,0
"480","CTCAGTCACGACAAAT-1",0.526570516524311,0.35493013641042,0,0,0,0,0.118499347065269,0,0
"481","CTCATGGCTCACAATC-1",0.99445214029821,0.0055478597017896,0,0,0,0,0,0,0
"482","CTCCGGCCTAATATGC-1",0.233871746910458,0.69894639752994,0,0,0.0671818555596017,0,0,0,0
"483","CTCCGGCTTGTAGACA-1",0.541793957434548,0.340227735913372,0,0.11797830665208,0,0,0,0,0
"484","CTCGAGATCCAAAGCA-1",0,1,0,0,0,0,0,0,0
"485","CTCGATATTTGCGAGC-1",0,0,0,0,0,0,0,0,0
"486","CTCGGGCATCGTCGGG-1",0,0,0,0.193260777786286,0.697177864558192,0,0,0,0.109561357655522
"487","CTCGGTACCACTGCTC-1",1,0,0,0,0,0,0,0,0
"488","CTCGGTCCGTAGCCTG-1",0.90990955046488,0,0,0.0900904495351199,0,0,0,0,0
"489","CTCGTTTCTAATGTTT-1",0,0,0,0,1,0,0,0,0
"490","CTCTCACAATCGATGA-1",0,0,0,0,1,0,0,0,0
"491","CTCTCGATGTGCGCCT-1",0.915973367852489,0,0,0.0840266321475106,0,0,0,0,0
"492","CTCTGTGCCTGCTATG-1",0.546088639711714,0.0815192040077345,0,0.247801408214908,0,0,0.124590748065644,0,0
"493","CTGCAAATGGGCTCCA-1",0.132238411017488,0.867761588982512,0,0,0,0,0,0,0
"494","CTGCAGGTGCTCGGCC-1",0,0,0,0,0.329395545998728,0,0.670604454001272,0,0
"495","CTGCCAAGGTTGGAAG-1",0,0,0,0.179385710679214,0.820614289320786,0,0,0,0
"496","CTGGAAGACACGGTGG-1",0,0,0,0,0,0,0,0,0
"497","CTGGCGGGAATAAGTA-1",0.830861307333149,0.169138692666851,0,0,0,0,0,0,0
"498","CTGGCTGCTAACGTAA-1",0.43212977197508,0,0,0.567870228024921,0,0,0,0,0
"499","CTGGGATACGCTACCC-1",0,0,0,0.171285108554496,0.828714891445504,0,0,0,0
"500","CTGGGATCGCCCAGAT-1",0,1,0,0,0,0,0,0,0
"501","CTGGGTAGGCAGTTAA-1",0,0,0,0,0,0,0,0,0
"502","CTGGTCATTCCAATCC-1",0,0,0,0,1,0,0,0,0
"503","CTGGTCCTAACTTGGC-1",0.876317793550195,0,0,0.123682206449805,0,0,0,0,0
"504","CTGTCAAATGGCTCGG-1",0,0,0,0,0,0,0,0,0
"505","CTTAACTTCGAAGTAC-1",0.839742970220687,0.0362321549768734,0,0.12402487480244,0,0,0,0,0
"506","CTTAATCGACTTAGTA-1",0,0,0,0.257393810705285,0.465781898479827,0,0.202261946462818,0.0745623443520696,0
"507","CTTAGCCTTCCACATG-1",0,0,0,0,1,0,0,0,0
"508","CTTCGGCCAATTGTTT-1",0,0,0,0.273587065150223,0.726412934849777,0,0,0,0
"509","CTTCGTGCCCGCATCG-1",0,1,0,0,0,0,0,0,0
"510","CTTCTTACGTCGTATA-1",0.912690495769107,0.021259134036685,0,0.0660503701942077,0,0,0,0,0
"511","CTTGTACTTGTTGACT-1",0.564693262224201,0.435306737775799,0,0,0,0,0,0,0
"512","CTTGTCGTACGTGTCA-1",0.419470223557729,0,0,0.580529776442271,0,0,0,0,0
"513","CTTGTGAGGACAGCGG-1",0,0,0,0,1,0,0,0,0
"514","CTTGTGCTCACCGATT-1",0,0,0,0,0,0,0,0,0
"515","CTTGTTGCTGAGTCAA-1",0.685943150446099,0.0361233985418743,0,0.191255251209902,0,0,0.0866781998021253,0,0
"516","CTTTACCGAATAGTAG-1",0.268520974742253,0.731479025257747,0,0,0,0,0,0,0
"517","CTTTATCCGACGCATG-1",0,0,0,0.0720374465490262,0.476763275632506,0,0.248149620322269,0,0.203049657496199
"518","GAAACAGCCATGCAGT-1",0.72158740036881,0.182394646185556,0,0.0960179534456341,0,0,0,0,0
"519","GAAACCATGGTGCGCT-1",0,0,0,0.0895628109844215,0.910437189015578,0,0,0,0
"520","GAAAGTGACTAACTGC-1",0.205383962255693,0.794616037744307,0,0,0,0,0,0,0
"521","GAAATACTAAACGTTT-1",1,0,0,0,0,0,0,0,0
"522","GAAATCGCGCGCAACT-1",0,0,0,0.0802983634652379,0.919701636534762,0,0,0,0
"523","GAAATGGGATGTAAAC-1",0.749555683085363,0,0,0.250444316914637,0,0,0,0,0
"524","GAACACACATCAACCA-1",0.759064521635376,0.240935478364624,0,0,0,0,0,0,0
"525","GAAGACTTCAATGCCG-1",0.165772170288738,0.834227829711262,0,0,0,0,0,0,0
"526","GAAGCAAGGCAATGTT-1",0.524296777816253,0.14554391968124,0,0.330159302502507,0,0,0,0,0
"527","GAAGGACTAAATTGAA-1",0,1,0,0,0,0,0,0,0
"528","GAAGGGCATAACCATG-1",0.158154575657103,0.841845424342897,0,0,0,0,0,0,0
"529","GAAGTGCTGGATAGCT-1",0.549270138062698,0.450729861937302,0,0,0,0,0,0,0
"530","GAATCGACATGGTCAC-1",0.122968133246856,0.877031866753144,0,0,0,0,0,0,0
"531","GAATGCCGAAATGACC-1",0,1,0,0,0,0,0,0,0
"532","GAATGTGGTCCGGATT-1",1,0,0,0,0,0,0,0,0
"533","GAATTTCTCGCTGCAG-1",0,0,0,0.132243604340665,0.867756395659335,0,0,0,0
"534","GACAACGACCATTGAA-1",0.216103036924415,0.783896963075585,0,0,0,0,0,0,0
"535","GACAACGCAGCTTACG-1",0.32864998194756,0.67135001805244,0,0,0,0,0,0,0
"536","GACACAAGGGAAGAAA-1",0.295366856211413,0.573001830910595,0,0,0.131631312877992,0,0,0,0
"537","GACACTGGAACCCGAT-1",0,0,0,0.449638714143284,0.550361285856716,0,0,0,0
"538","GACCAGGTCATTCATA-1",0.294003048078569,0.647484115579228,0,0.0585128363422027,0,0,0,0,0
"539","GACCGACCGCTAATAT-1",0,0,0,0.136642561451984,0.863357438548016,0,0,0,0
"540","GACCGACGTGAAAGCA-1",0,0,0,0,0,0,0,0,0
"541","GACGACTTTCCAAGAA-1",0,0,0,0,0.095160172932373,0,0,0,0.904839827067627
"542","GACGGACCGCGTTCCT-1",0.633781330888472,0,0,0.366218669111528,0,0,0,0,0
"543","GACGGGATGTCTTATG-1",0.456135129744975,0.543864870255025,0,0,0,0,0,0,0
"544","GACGTGTAGGGATTAT-1",0,0,0,0,1,0,0,0,0
"545","GACTCCCAGAATAAGG-1",0,0,0,0.143289203137073,0.744343553456784,0,0.112367243406143,0,0
"546","GACTGCACCAGCCCAG-1",0,0,0,0,0,0,0,0,0
"547","GAGATCTGTCACTCCG-1",0,0,0,0,0,0,0,0,0
"548","GAGATCTTCCATGACA-1",0.148185829154524,0.785046980835234,0,0,0.0667671900102416,0,0,0,0
"549","GAGCCAGCTACCTGTG-1",0,0,0,0,1,0,0,0,0
"550","GAGCGAGGGAGTACCG-1",0.799124837116391,0.0331289371426377,0,0.167746225740971,0,0,0,0,0
"551","GAGCGCAAATACTCCG-1",0,0,0,0.0891688435408389,0.910831156459161,0,0,0,0
"552","GAGCGCGCACGAGTAG-1",0.975098111723882,0.0249018882761178,0,0,0,0,0,0,0
"553","GAGCGCTATGTCAGGC-1",0,1,0,0,0,0,0,0,0
"554","GAGGAATGGAGAGGTT-1",0.0499056098048001,0.809217193154742,0,0,0.140877197040457,0,0,0,0
"555","GAGGAGATCCTCATGC-1",0,0,0,0,1,0,0,0,0
"556","GAGGAGTAATTCCTAC-1",0.592094536866374,0,0,0.248907737446258,0,0,0.158997725687367,0,0
"557","GAGGATAAACAGTGCT-1",0.464765939444107,0.535234060555893,0,0,0,0,0,0,0
"558","GAGGTACATCCATCTT-1",0,0,0,0,0,0,0,0,0
"559","GATATCAGTATGTATC-1",0,0,0,0.0782027540150163,0.921797245984984,0,0,0,0
"560","GATATGAGACACTAAC-1",0.849995573376832,0.0441701606482445,0,0.0755799797636665,0,0,0.0302542862112568,0,0
"561","GATATGCGGTAGCCAA-1",0.174091517033331,0.352166678670084,0,0,0.473741804296585,0,0,0,0
"562","GATCCGGGAATTAACA-1",0.282175367399596,0.574917454755945,0,0,0.142907177844459,0,0,0,0
"563","GATCGCTACCCGATTT-1",0.56402259690952,0.43597740309048,0,0,0,0,0,0,0
"564","GATCGGCGATAAGTCG-1",0,0,0,0,1,0,0,0,0
"565","GATCGTGACTGATATC-1",0.275025604878592,0.545623903681045,0,0,0.179350491440363,0,0,0,0
"566","GATGATTTGAAACTGG-1",0.730008622734506,0,0,0.269991377265494,0,0,0,0,0
"567","GATGCCACACTACAGC-1",0.62966670291408,0.0205604907920471,0,0.349772806293873,0,0,0,0,0
"568","GATGCCAGCAGAAGGC-1",0.0432741484440343,0.495947107393536,0,0.0703622521179916,0.390416492044438,0,0,0,0
"569","GATGCTACAAGCGCCT-1",0.827553885712183,0,0,0.172446114287817,0,0,0,0,0
"570","GATGCTGTATTTCATC-1",0.40821963582323,0.439218830857372,0,0,0.152561533319398,0,0,0,0
"571","GATTAACCGAAAGCCC-1",0,0,0,0.254977449225248,0.569773698183502,0,0.17524885259125,0,0
"572","GATTAATCCTGGCTCA-1",0.407232003368586,0,0,0.592767996631414,0,0,0,0,0
"573","GATTCCTATACGGCGC-1",0,1,0,0,0,0,0,0,0
"574","GATTCGACGGTTCACG-1",0.370569480863976,0.436921548085737,0,0,0.192508971050287,0,0,0,0
"575","GATTGACACTCTGCTC-1",0.86352235911502,0.0708315106934711,0,0.0656461301915089,0,0,0,0,0
"576","GCAAACCCTACATTAT-1",0,0,0,0,0,0,0,0,0
"577","GCAACAGCAGTATGCG-1",1,0,0,0,0,0,0,0,0
"578","GCAACGGCTAGTTATG-1",0.129034878506591,0.870965121493409,0,0,0,0,0,0,0
"579","GCAAGTGCACAGAGAA-1",0,1,0,0,0,0,0,0,0
"580","GCACAAACGAGGCGTG-1",0,0,0,0.209257689590847,0.573807206795066,0,0.216935103614086,0,0
"581","GCACAAGTGTCGGAAG-1",0.638152080954193,0.232096047018879,0,0.129751872026927,0,0,0,0,0
"582","GCACTCCCACAGTCCC-1",0.636625116883625,0,0,0.363374883116375,0,0,0,0,0
"583","GCAGATCCATAAGACT-1",0.190870714232681,0.531494521475744,0,0,0.277634764291575,0,0,0,0
"584","GCAGCCTATATCACAT-1",0.333109841880813,0.549139461087715,0,0,0.117750697031472,0,0,0,0
"585","GCATCGGCCGTGTAGG-1",0.440561605087449,0.559438394912551,0,0,0,0,0,0,0
"586","GCATTCAAGGCAACGC-1",0.0484823060535147,0.951517693946485,0,0,0,0,0,0,0
"587","GCATTTCCAAGGCTCC-1",0.120485225859829,0.879514774140171,0,0,0,0,0,0,0
"588","GCCAACCATTTCCGGA-1",0,1,0,0,0,0,0,0,0
"589","GCCAATAGGGCATCTC-1",0,0,0,0,0,0,0,0,0
"590","GCCAGGAGTAACCGAT-1",0,0,0,0,0,0,0,0,0
"591","GCCAGGCTTAGTGGTA-1",0,0,0,0.203849622737105,0.213889903907064,0,0.582260473355831,0,0
"592","GCCATATTGCACACAG-1",0,0,0,0,0,0,0,0,0
"593","GCCATCGATGCTGCAT-1",0,0,0,0,0,0,0,0,0
"594","GCCCGTAATACCTTCT-1",0,0,0,0,0,0,0,0,0
"595","GCCGGTTTGGGCGGAT-1",0.461065322224525,0,0,0.538934677775475,0,0,0,0,0
"596","GCCGTGGAAGAAATGT-1",0.11738568200488,0.621152436433512,0,0.109520407448809,0.1519414741128,0,0,0,0
"597","GCCTATTCCGATATAG-1",0.464378505492252,0.535621494507748,0,0,0,0,0,0,0
"598","GCCTTCAGCCCTACCG-1",0.488374122707016,0,0,0.425809515485055,0,0,0,0.0858163618079287,0
"599","GCCTTGTATATGCAGT-1",0,1,0,0,0,0,0,0,0
"600","GCGAAACGATCGGGAG-1",0,0,0,0.240997961935255,0.402406838350458,0,0.356595199714287,0,0
"601","GCGAAACTTAACTGGA-1",1,0,0,0,0,0,0,0,0
"602","GCGACATGTAAACATC-1",0.544301764663128,0.266480628535161,0,0.0623728387788969,0,0,0.126844768022814,0,0
"603","GCGAGAAACGGGAGTT-1",0,1,0,0,0,0,0,0,0
"604","GCGAGAGTTGCGTCCA-1",0.948929399971677,0.0510706000283228,0,0,0,0,0,0,0
"605","GCGAGCGCATGCTCCC-1",0.608485616348712,0.391514383651288,0,0,0,0,0,0,0
"606","GCGATTGTTAACGTTA-1",0.788253996703826,0.211746003296174,0,0,0,0,0,0,0
"607","GCGCCTCCCACTCCGA-1",0,0.856465874369189,0,0,0.143534125630811,0,0,0,0
"608","GCGCGATGGGTCAAGT-1",0.593945388020482,0,0,0.215207834188933,0,0,0.190846777790585,0,0
"609","GCGCGTTTAAATCGTA-1",0,0,0,0.335178310237416,0.664821689762584,0,0,0,0
"610","GCGCTAATTGAATAGA-1",0,0,0,0.138072037982399,0.861927962017601,0,0,0,0
"611","GCGGAGAGGGAGAACG-1",0.248658967041403,0.751341032958597,0,0,0,0,0,0,0
"612","GCGGGAACCAGGCCCT-1",0.902700136150361,0,0,0.0972998638496389,0,0,0,0,0
"613","GCGGTGAACTGCGCTC-1",0,1,0,0,0,0,0,0,0
"614","GCGTCCAGCTCGTGGC-1",0.471645180409415,0.117001570326036,0,0.310677473086028,0,0,0.100675776178521,0,0
"615","GCGTCGAAATGTCGGT-1",0.319265256288752,0.372594044982019,0,0.0724588093399453,0.235681889389284,0,0,0,0
"616","GCGTGTATGTCGTATT-1",0.888137681982818,0.00665818811185692,0,0.105204129905325,0,0,0,0,0
"617","GCTAAACCTGAGGTGA-1",0,0,0,0,0,0,0,0,0
"618","GCTAATACCGAATGCC-1",0.747947885069373,0.252052114930627,0,0,0,0,0,0,0
"619","GCTACACTGTCCGAAC-1",0.0727835148082425,0.927216485191757,0,0,0,0,0,0,0
"620","GCTACTATAGTAGAGT-1",0.401216148960218,0.598783851039782,0,0,0,0,0,0,0
"621","GCTATACGTCTCGGAC-1",0,0,0,0.174491693416334,0.825508306583666,0,0,0,0
"622","GCTATCGCGGCGCAAC-1",0.931288758669126,0.0687112413308743,0,0,0,0,0,0,0
"623","GCTCAACCTCTTAGAG-1",0,0.503225703091855,0,0.0990361905061506,0.397738106401994,0,0,0,0
"624","GCTCCCAGTCGGTCCA-1",0.855230304293268,0.144769695706732,0,0,0,0,0,0,0
"625","GCTCCGCTCGCTTCAG-1",0,1,0,0,0,0,0,0,0
"626","GCTCGGAATTTAAAGC-1",0,0,0,0,0,0,0,0,0
"627","GCTCTATGTTACGTGC-1",0.516989478336236,0.483010521663763,0,0,0,0,0,0,0
"628","GCTGCACGGTTTCTTA-1",0,0,0,0.16914523769334,0.83085476230666,0,0,0,0
"629","GCTGGGTCCGCTGTTA-1",0,1,0,0,0,0,0,0,0
"630","GCTTACGTAGTTAGTA-1",0,1,0,0,0,0,0,0,0
"631","GCTTCCAGCTTAGATT-1",1,0,0,0,0,0,0,0,0
"632","GCTTCCGTCCCTAGAC-1",0.715718000466111,0.284281999533889,0,0,0,0,0,0,0
"633","GGAAAGTGCCCATGCC-1",0.127061936176291,0.872938063823709,0,0,0,0,0,0,0
"634","GGAATAACCTCAAGAA-1",0.65135865975756,0,0,0.34864134024244,0,0,0,0,0
"635","GGACACAAGTTTACAC-1",0.0588221572932742,0.941177842706726,0,0,0,0,0,0,0
"636","GGAGAAGTCATTGGCA-1",0.626512889881996,0.373487110118004,0,0,0,0,0,0,0
"637","GGAGCACCAAGAACTA-1",0.796099487104297,0.203900512895702,0,0,0,0,0,0,0
"638","GGAGGCCGAAGTCGTC-1",0,0,0,0.194629536330225,0.805370463669775,0,0,0,0
"639","GGAGGGCTTGGTTGGC-1",0.911191924174081,0.00649199120092046,0,0,0,0,0.0823160846249985,0,0
"640","GGAGTGCCGCCCTGGA-1",0.298158014465458,0.701841985534542,0,0,0,0,0,0,0
"641","GGATCCCTACCAGCTA-1",0,1,0,0,0,0,0,0,0
"642","GGCAATAGTCAATGAG-1",0,0,0,0,1,0,0,0,0
"643","GGCAGCAAACCTATGC-1",0.171297332631449,0.756480195725942,0,0,0.0722224716426092,0,0,0,0
"644","GGCGAGCATCGAGGAC-1",0.23717567625702,0.76282432374298,0,0,0,0,0,0,0
"645","GGCGCTCCTCATCAAT-1",0.70046991064336,0.29953008935664,0,0,0,0,0,0,0
"646","GGCGGTAGGATCATTG-1",0,0,0,0.157427955251479,0.721866354879023,0,0.120705689869497,0,0
"647","GGCGGTTTGCCGGTGC-1",0.0115359265271143,0.676017458599903,0,0,0.312446614872983,0,0,0,0
"648","GGCGTACCCTATATAA-1",0.505050599984633,0,0,0.379110090314602,0,0,0,0,0.115839309700765
"649","GGCTCTGCTCCAACGC-1",0,0,0,0,1,0,0,0,0
"650","GGCTGAAATAGCAAAG-1",0,0,0,0.170942569776744,0.829057430223256,0,0,0,0
"651","GGGAACCACCTGTTTC-1",0.406309528495794,0,0,0.593690471504206,0,0,0,0,0
"652","GGGAGTTAATGAGGCG-1",0.594337338694509,0.405662661305491,0,0,0,0,0,0,0
"653","GGGCTGCCTAGGGCGA-1",0,0,0,0,1,0,0,0,0
"654","GGGTACACTCTGGAGG-1",0,0,0,0,0.864986385265012,0,0,0,0.135013614734988
"655","GGGTATGTATGCACTT-1",0,0,0,0,1,0,0,0,0
"656","GGGTCATGCGTACCAT-1",0,0,0,0,1,0,0,0,0
"657","GGGTCGTGGCAAGTGT-1",0,0,0,0,1,0,0,0,0
"658","GGGTGCATATGAAAGC-1",0,0,0,0.186463799270615,0.813536200729385,0,0,0,0
"659","GGGTGGTCCAGCCTGT-1",0,1,0,0,0,0,0,0,0
"660","GGGTGTTTCAGCTATG-1",0.1684215136825,0.568260872262633,0,0,0.263317614054868,0,0,0,0
"661","GGGTTCAGACGAACAA-1",0.31251476966139,0.68748523033861,0,0,0,0,0,0,0
"662","GGGTTTAGGATAGGAT-1",0.62168652967917,0.259407586186162,0,0,0,0,0.118905884134668,0,0
"663","GGGTTTCCGGCTTCCA-1",0,0,0,0,0.502431760181937,0,0.325584243648743,0,0.17198399616932
"664","GGTACCATTAAGACGG-1",0.58323798970493,0.41676201029507,0,0,0,0,0,0,0
"665","GGTAGTGCTCGCACCA-1",0,1,0,0,0,0,0,0,0
"666","GGTATAGTGACACATA-1",0,0,0,0.255310752125912,0.744689247874088,0,0,0,0
"667","GGTATCAAGCATAGAA-1",0,0,0,0,0.716558117138465,0,0,0,0.283441882861536
"668","GGTCAAGACTACTTCG-1",0,0,0,0.0852548030200251,0.914745196979975,0,0,0,0
"669","GGTCCTTCATACGACT-1",0,0,0,0.12830951360628,0.87169048639372,0,0,0,0
"670","GGTCGGATAAACGGCG-1",0.361500303394136,0.638499696605864,0,0,0,0,0,0,0
"671","GGTCTGAGAATCTGGA-1",0.508937739439511,0.325665492349916,0,0.0724376479162305,0,0,0.0929591202943431,0,0
"672","GGTGATAAGGAGCAGT-1",0.639907920770259,0.171018415421389,0,0.0674636407546552,0,0,0.121610023053697,0,0
"673","GGTGCTGATCACAAAG-1",0,0,0,0,1,0,0,0,0
"674","GGTTAGCTATATGTCT-1",0.857302165496089,0.142697834503911,0,0,0,0,0,0,0
"675","GGTTAGGCTTGGAGAA-1",0,0,0,0.145221162124112,0.854778837875888,0,0,0,0
"676","GGTTAGTTACGGCGCC-1",0,0,0,0.101617977288543,0.898382022711457,0,0,0,0
"677","GGTTGTATCGTGAAAT-1",0.596655874333058,0,0,0.403344125666942,0,0,0,0,0
"678","GGTTTACAATCTCAAT-1",0,0,0,0,1,0,0,0,0
"679","GGTTTAGCCTTTCTTG-1",0.830818660378081,0,0,0.080222782252834,0,0,0.0889585573690851,0,0
"680","GTAACAGGTTAACGGC-1",0,0,0,0.101777000942886,0.538780024486618,0,0.219188647293093,0,0.140254327277403
"681","GTAAGGATTTGTCGGA-1",0.42388434498176,0.57611565501824,0,0,0,0,0,0,0
"682","GTAAGTAGGGTATACC-1",0,0,0,0,0,0,0,0,0
"683","GTACTCCTGGGTATGC-1",0.50342703021243,0.49657296978757,0,0,0,0,0,0,0
"684","GTAGCGGCTATACACT-1",0,0,0,0,1,0,0,0,0
"685","GTAGTCGCGGGAATCA-1",0.218869959584791,0.537399816108331,0,0.0706336005707569,0.173096623736122,0,0,0,0
"686","GTATAATCTCCCGGAT-1",0,1,0,0,0,0,0,0,0
"687","GTATAGGACTCAGTAG-1",0.484984850340756,0.293614538641237,0,0,0.221400611018006,0,0,0,0
"688","GTATATGTTACGGCGG-1",0.758693738215549,0.0625985141242959,0,0.178707747660156,0,0,0,0,0
"689","GTATCAAACGTTAGCT-1",0,0,0,0,0.791774273881282,0,0.208225726118718,0,0
"690","GTATCGGGACGAGCTG-1",0,1,0,0,0,0,0,0,0
"691","GTATCTCCCTAACTGT-1",0.589415195230415,0.410584804769585,0,0,0,0,0,0,0
"692","GTATCTTGTTGCTCAC-1",0.75517349845137,0,0,0.24482650154863,0,0,0,0,0
"693","GTATTCTTACCGTGCT-1",0.559651006568449,0.164450086754953,0,0.167965801343542,0,0,0.107933105333055,0,0
"694","GTATTTAATGGCATAA-1",0,0,0,0,1,0,0,0,0
"695","GTCAAGCGGACTCGGG-1",0.711745998040457,0.288254001959542,0,0,0,0,0,0,0
"696","GTCAGTTGTGCTCGTT-1",0,1,0,0,0,0,0,0,0
"697","GTCATCTCCTACAGCT-1",0,1,0,0,0,0,0,0,0
"698","GTCCCAACGTAAAGTA-1",0,0,0,0,0,0,0,0,0
"699","GTCCGGACCTGAAATT-1",0,0,0,0.217316319924146,0.782683680075854,0,0,0,0
"700","GTCCTACAGGCGGCTC-1",0,1,0,0,0,0,0,0,0
"701","GTCCTACGAATAGTCT-1",0,0,0,0.328483846923724,0.671516153076276,0,0,0,0
"702","GTCGCGTAACCCGTTG-1",0,0,0,0,0,0,0,0,0
"703","GTCGTATTGGCGTACA-1",0,0,0,0.207768831134458,0.792231168865542,0,0,0,0
"704","GTCGTGTCTGGTCATC-1",0,0,0,0,1,0,0,0,0
"705","GTCGTTATTCGCTTAT-1",0,0,0,0.0994808433754164,0.521525214772404,0,0.37899394185218,0,0
"706","GTCTATTGGTTCCGGT-1",0.368920027681914,0.631079972318086,0,0,0,0,0,0,0
"707","GTCTCGATCTGCTTTC-1",0,0,0,0.208023444500288,0.791976555499712,0,0,0,0
"708","GTCTTGAGGAGCAGTG-1",0,0,0,0.133724887899712,0.866275112100288,0,0,0,0
"709","GTCTTGTAGCTATTCA-1",0.189363494571068,0.810636505428932,0,0,0,0,0,0,0
"710","GTGAAACGGCGCCACC-1",0.597813241521094,0.328233584658597,0,0,0,0,0.0739531738203097,0,0
"711","GTGAACTCCCATTCGA-1",0.678759867311382,0.321240132688618,0,0,0,0,0,0,0
"712","GTGACGAGGGTGACCC-1",0,0,0,0.153662621005853,0.691532039204599,0,0,0,0.154805339789548
"713","GTGAGGACACTTAAGG-1",0,0,0,0,0,0,0,0,0
"714","GTGATCACTAACGCCT-1",0.699428576388244,0.148818408407114,0,0.0613098758098224,0,0,0.0904431393948201,0,0
"715","GTGCAACAAATGTGGC-1",0.962700665893912,0.0372993341060881,0,0,0,0,0,0,0
"716","GTGCCTAGCTATGCTT-1",0.0184156663435415,0.981584333656458,0,0,0,0,0,0,0
"717","GTGCGCTTACAAATGA-1",0.527303537036687,0,0,0.472696462963314,0,0,0,0,0
"718","GTGCGGGTCTCCAAAT-1",0.20607281347583,0.79392718652417,0,0,0,0,0,0,0
"719","GTGGCGGGCCGTAGCT-1",0,0,0,0,0.870056044582853,0,0,0,0.129943955417147
"720","GTGGGTCTTCTTTGCG-1",0,1,0,0,0,0,0,0,0
"721","GTGGTGGCCAAGTGAA-1",0,0,0,0,0,0,0,0,0
"722","GTGGTTACTTCTTTCG-1",0.60341732963383,0.39658267036617,0,0,0,0,0,0,0
"723","GTGTACCTTGGCTACG-1",0,0,0,0,0,0,0,0,0
"724","GTGTGAGCCGAGGTGC-1",0.475701450988269,0,0,0.524298549011731,0,0,0,0,0
"725","GTGTTACTATGCGTCC-1",0,0,0,0,0,0,0,0,0
"726","GTTAAAGTAGGACTGG-1",0,0,0,0,0,0,0,0,0
"727","GTTAACTATGTTGTCA-1",0.255068275564073,0.744931724435927,0,0,0,0,0,0,0
"728","GTTAAGTTAGAGTGGG-1",0,0,0,0.153697341422101,0.846302658577899,0,0,0,0
"729","GTTACGAAATCCACGC-1",0.415256849899579,0.0908464444683023,0,0.416020144689021,0,0,0.0778765609430981,0,0
"730","GTTAGCCGTAAATCAA-1",0.28568170945477,0.550632866319395,0,0,0.163685424225835,0,0,0,0
"731","GTTATAATACGGTGAA-1",0,0,0,0.116712714415713,0.883287285584287,0,0,0,0
"732","GTTATTAACGTGGGAG-1",0.0363512364031416,0.963648763596858,0,0,0,0,0,0,0
"733","GTTCATCGTTTGGCTG-1",0.612992492859578,0.206969267028368,0,0.057274816861474,0,0,0.12276342325058,0,0
"734","GTTCCAAGACAGCGAC-1",0.340913176677829,0,0,0.659086823322171,0,0,0,0,0
"735","GTTCCAGTCTGACCAT-1",1,0,0,0,0,0,0,0,0
"736","GTTCGCTGAGACGTCT-1",0,0,0,0,1,0,0,0,0
"737","GTTCGGATCGGGAACA-1",0.546706817189969,0.453293182810031,0,0,0,0,0,0,0
"738","GTTCGGGCGTACCATT-1",0,0,0,0,0,0,0,0,0
"739","GTTCGTCTAAAGAACT-1",0.33176622581381,0.66823377418619,0,0,0,0,0,0,0
"740","GTTCGTTGCGGACCAG-1",0.491017450550902,0.237373676382571,0,0.271608873066527,0,0,0,0,0
"741","GTTCTTGTAACTCAAT-1",0,0,0,0.116263688242839,0.522279490236552,0,0.361456821520609,0,0
"742","GTTGCACGGAGTTTCG-1",0.186399804780337,0.813600195219663,0,0,0,0,0,0,0
"743","GTTGCGCTAACATTAC-1",0,0,0,0.459430864649104,0.540569135350896,0,0,0,0
"744","GTTTCTGCAGTCTCCC-1",0,0,0,0.0891168615537619,0.910883138446238,0,0,0,0
"745","GTTTGAGCGGTTATGT-1",0.341757498017271,0.13240818979879,0,0.52583431218394,0,0,0,0,0
"746","GTTTGGCCCAAGTTAT-1",0.959578366184944,0.0404216338150559,0,0,0,0,0,0,0
"747","TAAACGTCGTCAATGA-1",0,0,0,0,1,0,0,0,0
"748","TAAAGACAACCCTTTA-1",0,0,0,0,1,0,0,0,0
"749","TAAATGAATCCGTTTC-1",0.787134486385874,0.212865513614126,0,0,0,0,0,0,0
"750","TAACATACAATGTGGG-1",0,0,0,0.118233955336558,0.881766044663442,0,0,0,0
"751","TAACCGTCCAGTTCAT-1",0,0,0,0.0823069407665922,0.72080325252859,0,0,0,0.196889806704818
"752","TAACGCTTTGAGAGCG-1",0.0392034414447378,0.803967174922896,0,0,0.156829383632366,0,0,0,0
"753","TAACTATCGAAGGTCC-1",0.787063628867302,0.212936371132698,0,0,0,0,0,0,0
"754","TAACTATTACGCCAAA-1",0,0,0,0,0,0,0,0,0
"755","TAAGGCAACATAAGAT-1",0,0,0,0.231287406744326,0.768712593255674,0,0,0,0
"756","TAAGTTGCGACGTAGG-1",0,0,0,0.126324766719551,0.873675233280449,0,0,0,0
"757","TAATAGTGACGACCAG-1",0.920323001564421,0.0796769984355791,0,0,0,0,0,0,0
"758","TAATGAAAGACCCTTG-1",0,0,0,0,1,0,0,0,0
"759","TAATTAGGACATCCGT-1",0.771477125363461,0.159560581632471,0,0.0689622930040682,0,0,0,0,0
"760","TACAAGCTGTTCACTG-1",0.645212726578493,0,0,0.354787273421507,0,0,0,0,0
"761","TACAATGAAACCAGCA-1",0.569888719654307,0,0,0.430111280345693,0,0,0,0,0
"762","TACCAGCTAGGTTTAA-1",0.935002505903001,0.00733418030374866,0,0.0576633137932504,0,0,0,0,0
"763","TACCTCACGCTTGTAC-1",1,0,0,0,0,0,0,0,0
"764","TACGGGATGCTAGCAG-1",0.344793810899566,0.472579835497427,0,0.123643328119939,0.0589830254830685,0,0,0,0
"765","TACTCTCCGAACAAAT-1",0,0,0,0.183007135627954,0.816992864372046,0,0,0,0
"766","TACTGCAATCAATTAC-1",0.165265251285066,0.690630142053221,0,0,0.144104606661713,0,0,0,0
"767","TACTGCATGATTAAAT-1",0,0,0,0.243029544548508,0.543621312045003,0,0.213349143406489,0,0
"768","TAGAACGCCAGTAACG-1",0,0,0,0.118695241465836,0.278115924722302,0,0.458252527598044,0,0.144936306213818
"769","TAGAGGTTCTACTTGT-1",0,0,0,0.590870428560201,0.409129571439799,0,0,0,0
"770","TAGATCCGAAGTCGCA-1",0,1,0,0,0,0,0,0,0
"771","TAGCAACCTGTCACAA-1",0.779786911047048,0.159490559325333,0,0.0607225296276192,0,0,0,0,0
"772","TAGCCAGAGGGTCCGG-1",0,0,0,0,0.802423411136964,0,0.197576588863036,0,0
"773","TAGCGTCCCTCGATTG-1",0.781369574373882,0.218630425626118,0,0,0,0,0,0,0
"774","TAGCGTTGGGTCTTAC-1",0,0,0,0,1,0,0,0,0
"775","TAGGCATGTTACGCCA-1",0,0,0,0,0,0,0,0,0
"776","TAGGGTGTTTCAAGAG-1",0.558666664769898,0.341860788650357,0,0,0.0994725465797454,0,0,0,0
"777","TAGGTTCGAGTTCGTC-1",0,0,0,0,0.492230772824266,0,0.507769227175734,0,0
"778","TAGTACCTTAGTGGTC-1",0.679978534221166,0.320021465778834,0,0,0,0,0,0,0
"779","TAGTCCGTATGCATAA-1",0,1,0,0,0,0,0,0,0
"780","TAGTCGATCACGGGTT-1",1,0,0,0,0,0,0,0,0
"781","TAGTCTGTGACGTTGC-1",0.20572546050951,0.79427453949049,0,0,0,0,0,0,0
"782","TAGTGTCAGAAACGGC-1",0.0772569794717532,0.922743020528247,0,0,0,0,0,0,0
"783","TATAAATCCACAAGCT-1",0.505747818489109,0.103765036825474,0,0.206274745686609,0,0,0.104224511718448,0.079987887280361,0
"784","TATACTCATGCGGCAA-1",0,1,0,0,0,0,0,0,0
"785","TATATTCGCGTCGATA-1",0.26962988104071,0.100128348539555,0,0.431523603397677,0,0,0,0,0.198718167022058
"786","TATCACAGCACGGGCA-1",0.85875724722533,0.14124275277467,0,0,0,0,0,0,0
"787","TATCACCCAACCGACC-1",0,0,0,0,0,0,0,0,0
"788","TATCCATATCATGCGA-1",1,0,0,0,0,0,0,0,0
"789","TATCGATCTATGCATA-1",0,0,0,0,0,0,0,0,0
"790","TATCGATGATTAAACG-1",0.135360491823736,0.864639508176264,0,0,0,0,0,0,0
"791","TATGGCAGACTTTCGA-1",0,1,0,0,0,0,0,0,0
"792","TATGTCAAGACCGACT-1",0.2134480350769,0.7865519649231,0,0,0,0,0,0,0
"793","TATTCAATTCTAATCC-1",0,0,0,0,0,0,0,0,0
"794","TATTCCGAGCTGTTAT-1",0,0,0,0.157475846480729,0.842524153519271,0,0,0,0
"795","TATTGACATTTCTGCC-1",0,0,0,0.307670513149848,0.692329486850152,0,0,0,0
"796","TATTTAGTCTAGATCG-1",0.118793646579794,0.881206353420206,0,0,0,0,0,0,0
"797","TATTTGTTACCCTTTA-1",0.107531345266743,0.892468654733257,0,0,0,0,0,0,0
"798","TCAAGAAATACTAGCT-1",0.682216277563058,0.317783722436942,0,0,0,0,0,0,0
"799","TCAAGGTTACTACACC-1",1,0,0,0,0,0,0,0,0
"800","TCACAGATCCTCAAAC-1",0.392654753266189,0.607345246733811,0,0,0,0,0,0,0
"801","TCACAGGGAATCGCAA-1",0.00964525725997115,0.899880008390157,0,0,0.0904747343498721,0,0,0,0
"802","TCACGGTCATCGCACA-1",0,1,0,0,0,0,0,0,0
"803","TCACTCAGCGCATTAG-1",0.358254925821723,0,0,0.641745074178277,0,0,0,0,0
"804","TCAGAACCTCCACAGG-1",0.6914209503398,0.3085790496602,0,0,0,0,0,0,0
"805","TCAGCAAATGCATCTC-1",0,0,0,0,0,0,0,0,0
"806","TCAGGGCGCAAACTCG-1",0,0,0,0,1,0,0,0,0
"807","TCAGGGTGTAACGTAA-1",0,0,0,0,1,0,0,0,0
"808","TCAGTACTGACCCGCG-1",0.172034043441682,0.827965956558318,0,0,0,0,0,0,0
"809","TCATACTTACAGATCC-1",0.647835869676933,0.352164130323067,0,0,0,0,0,0,0
"810","TCATCCCAGAGGGTGG-1",0,1,0,0,0,0,0,0,0
"811","TCCACTTTATCTAGGT-1",0.648379735402642,0.236272144991852,0,0,0,0,0.115348119605505,0,0
"812","TCCAGAGCACCGGTTC-1",0,0,0,0,1,0,0,0,0
"813","TCCATTAGTTGGATAG-1",0.478190919880176,0,0,0.344240850382514,0,0,0.17756822973731,0,0
"814","TCCCAAAGCCCTAAAT-1",0,0,0,0.0914426136962085,0.72138930600306,0,0.187168080300732,0,0
"815","TCCCACTCTCTTCCGG-1",0,0,0,0,0,0,0,0,0
"816","TCCCGTCAGTCCCGCA-1",0,0,0,0.0997965355772136,0.900203464422786,0,0,0,0
"817","TCCCGTGTGCAATTTG-1",0,0,0,0,0,0,0,0,0
"818","TCCCTCCGAAATCGTT-1",0.596071105667941,0.0759052991443069,0,0.328023595187752,0,0,0,0,0
"819","TCCGAATGGTCCTGAG-1",0,0,0,0,0.790174824089581,0,0.209825175910419,0,0
"820","TCCGATAATTGCCATA-1",0,0,0,0.109596074417678,0.890403925582322,0,0,0,0
"821","TCCGATGACTGAGCTC-1",0,0,0,0.146626496120169,0.853373503879831,0,0,0,0
"822","TCCGCAGCCACCTAGC-1",0,0,0,0,1,0,0,0,0
"823","TCCGCGGCCCAATGAA-1",0,0,0,0,1,0,0,0,0
"824","TCCGCTGTCATCCCGG-1",0,0,0,0,0,0,0,0,0
"825","TCCGTAACCACAATCC-1",0.0641043581837035,0.935895641816296,0,0,0,0,0,0,0
"826","TCCGTTAAGCTAATAT-1",0.120216463518027,0.799622015323065,0,0,0.0801615211589077,0,0,0,0
"827","TCCTACATCCACGGCC-1",1,0,0,0,0,0,0,0,0
"828","TCCTCGGGCTGGGCTT-1",0,0,0,0,0,0,0,0,0
"829","TCCTCTACGAGATGGC-1",0.147741309173217,0.852258690826783,0,0,0,0,0,0,0
"830","TCCTTACGACGGTCCG-1",1,0,0,0,0,0,0,0,0
"831","TCCTTCAGTGGTCGAA-1",0.132235643937712,0.606816968058778,0,0,0.26094738800351,0,0,0,0
"832","TCGCAAAGATGCATTT-1",0,0,0,0,1,0,0,0,0
"833","TCGCACCAGGAGGCAG-1",0,0,0,0.222735110917429,0.777264889082571,0,0,0,0
"834","TCGCCGGTCGATCCGT-1",0,0,0,0.0921902181229208,0.907809781877079,0,0,0,0
"835","TCGCCTCGACCTGTTG-1",0,0,0,0.1163898077498,0.716213017825002,0,0,0,0.167397174425198
"836","TCGCTAAACCGCTATC-1",0,0,0,0,1,0,0,0,0
"837","TCGCTCGGCACCAGCG-1",0,0,0,0,1,0,0,0,0
"838","TCGCTGGGCGGATTGT-1",0.223824171049672,0.776175828950328,0,0,0,0,0,0,0
"839","TCGGAGTACATGAGTA-1",0,0,0,0,0,0,0,0,0
"840","TCGGCGAACCCAAACC-1",0.331353886359508,0.668646113640492,0,0,0,0,0,0,0
"841","TCGGGAACGTGCCTAG-1",0,0,0,0,0,0,0,0,0
"842","TCGGGCACTTCTGGAT-1",0.445632495106907,0.120551057516792,0,0.32171005289113,0,0,0.112106394485171,0,0
"843","TCGTAAGACGACATTG-1",0,0,0,0,0,0,0,0,0
"844","TCGTCCGCTGGCGTCT-1",0.552756459556843,0.226086723579843,0,0.107870968214153,0,0,0.113285848649161,0,0
"845","TCGTCTTAGGCGTTAA-1",0,0,0,0.50996384271708,0.49003615728292,0,0,0,0
"846","TCGTGTACTATGGATG-1",0,0,0,0.140713709719216,0.859286290280784,0,0,0,0
"847","TCTAGCATCTTCGATG-1",0.470569077991714,0.529430922008286,0,0,0,0,0,0,0
"848","TCTCATGAGATAGGGT-1",0.762003483391243,0.237996516608757,0,0,0,0,0,0,0
"849","TCTCGACGTATCGCCG-1",0.0840624632554383,0.915937536744562,0,0,0,0,0,0,0
"850","TCTCGAGGAGGTTCGC-1",0,0,0,0,1,0,0,0,0
"851","TCTCGGCTCCAGGACT-1",0.269461308442003,0,0,0.730538691557997,0,0,0,0,0
"852","TCTCTAATAGCTGGTA-1",0.483057923920152,0.516942076079848,0,0,0,0,0,0,0
"853","TCTGACTGTAATGGTT-1",0,1,0,0,0,0,0,0,0
"854","TCTGATGTATTCTGTC-1",0,0,0,0.166977840526849,0.833022159473151,0,0,0,0
"855","TCTGCCAGAAACTGCA-1",0.754479107006751,0.245520892993249,0,0,0,0,0,0,0
"856","TCTGCTTAGAACAAGC-1",0,0,0,0.275783764516499,0.724216235483501,0,0,0,0
"857","TCTGTGACTGACCGTT-1",0.858261820181714,0.00663865136983363,0,0.135099528448452,0,0,0,0,0
"858","TCTTACCGGAACTCGT-1",0,0,0,0,0,0,0,0,0
"859","TCTTACGGCATCCGAC-1",0.314351078499956,0.685648921500044,0,0,0,0,0,0,0
"860","TCTTAGAGCTCCAATT-1",0.552624676316281,0.244860157283017,0,0.0803647461955178,0,0,0.122150420205185,0,0
"861","TCTTATGGGTAGTACC-1",0.815060081964664,0,0,0.184939918035336,0,0,0,0,0
"862","TCTTCGAATAGACGTT-1",0,0,0,0,1,0,0,0,0
"863","TCTTCGATACCAATAA-1",0,0,0,0.134290774651878,0.589808098255949,0,0.275901127092173,0,0
"864","TCTTCTATAACCCGCC-1",1,0,0,0,0,0,0,0,0
"865","TCTTGATGCGTAGCGA-1",0,0,0,0.164955806121991,0.835044193878009,0,0,0,0
"866","TCTTTAGCAGGCGAAC-1",0,0,0,0.156889346756617,0.520420054609384,0,0.322690598634,0,0
"867","TGAAACCTCAACTCAC-1",0.469641633123409,0.530358366876591,0,0,0,0,0,0,0
"868","TGAAACTTATGCAAGC-1",0,0,0,0.174675584718743,0.825324415281257,0,0,0,0
"869","TGAACACCCGAAGCAG-1",0,1,0,0,0,0,0,0,0
"870","TGAAGAGCGGTCCTAG-1",0,0.567691013161266,0,0,0.432308986838734,0,0,0,0
"871","TGAATGTCAGCCGGCC-1",0,1,0,0,0,0,0,0,0
"872","TGACCCAACTCACATT-1",0.744818808239684,0.255181191760316,0,0,0,0,0,0,0
"873","TGAGAATGCTTTACCG-1",0,0,0,0,0,0,0,0,0
"874","TGAGATCAAATACTCA-1",0.821570965588859,0,0,0.178429034411141,0,0,0,0,0
"875","TGAGCTTTAATGACGC-1",0,0,0,0,1,0,0,0,0
"876","TGAGGTTGATCCCAAG-1",0.541989049851146,0.0198183708430437,0,0.438192579305811,0,0,0,0,0
"877","TGAGTTAAAGACATTC-1",0,0,0,0.208185608744718,0.791814391255282,0,0,0,0
"878","TGATCCCAGCATTAGT-1",0,1,0,0,0,0,0,0,0
"879","TGATGGCTGTTTCTGA-1",0,0,0,0.153415073390083,0.717774955777624,0,0.128809970832293,0,0
"880","TGATGGGACTAAGTCA-1",0,0,0,0,0.338763188456316,0,0,0,0.661236811543684
"881","TGCAAACCCACATCAA-1",0,1,0,0,0,0,0,0,0
"882","TGCAAACGTACTAGTT-1",0,0,0,0.271368697294138,0.728631302705862,0,0,0,0
"883","TGCACGAGTCGGCAGC-1",0.99280942556348,0.00719057443652041,0,0,0,0,0,0,0
"884","TGCACTATGTGAGTGC-1",0.274466439750813,0.655843474576248,0,0,0.0696900856729395,0,0,0,0
"885","TGCAGGATCGGCAAAG-1",0,0,0,0.235733847740088,0.764266152259912,0,0,0,0
"886","TGCATGAGTAGATTCG-1",0,0,0,0.0956785783869523,0.765448952764541,0,0,0,0.138872468848507
"887","TGCATGTGGTAATCTA-1",0.57116180289689,0.253618901146622,0,0.0467887387429408,0,0,0.128430557213547,0,0
"888","TGCCATTACTAAAGAA-1",0,0,0,0,0,0,0,0,0
"889","TGCCCGTACCGTTAAA-1",0,0,0,0.0819345606659146,0.918065439334085,0,0,0,0
"890","TGCCGATGTCATCAAT-1",0,0,0,0,1,0,0,0,0
"891","TGCCTGACATCGGTCA-1",0.711234283236199,0,0,0.288765716763801,0,0,0,0,0
"892","TGCCTTGGCCAGGCAA-1",0,0,0,0,1,0,0,0,0
"893","TGCGAGAAACGTTACG-1",0,0,0,0,0.438762780612567,0,0,0,0.561237219387433
"894","TGCGCGATTAACGGAG-1",0.15342429593836,0.550449086491896,0,0,0.296126617569744,0,0,0,0
"895","TGCGGTGAAATTTCAT-1",0.671821319659233,0.328178680340767,0,0,0,0,0,0,0
"896","TGCGTGATTGGGTGTC-1",0.730111722792409,0.179694528823961,0,0.0901937483836299,0,0,0,0,0
"897","TGCGTTTGTTGACACT-1",0,0,0,0,0,0,0,0,0
"898","TGCTAAGTGTCTATTT-1",0.415585342897806,0.484709382247996,0,0,0.0997052748541983,0,0,0,0
"899","TGCTTGAAACCATGCA-1",0.695932772332816,0.304067227667184,0,0,0,0,0,0,0
"900","TGGAAACGGAGTGAAC-1",1,0,0,0,0,0,0,0,0
"901","TGGAACCACTGACACA-1",0,0,0,0,0,0,0,0,0
"902","TGGACCACGGCGTTGA-1",0.800206667327176,0,0,0.199793332672824,0,0,0,0,0
"903","TGGACGTAGGCGAATC-1",0,0,0,0,0.422121375420741,0,0.577878624579259,0,0
"904","TGGACTGTTCGCTCAA-1",0.146740475817232,0.853259524182768,0,0,0,0,0,0,0
"905","TGGAGCTAAAGTTCCC-1",0.217998423392353,0.782001576607647,0,0,0,0,0,0,0
"906","TGGATAGAGTAACAGA-1",0.419825108957846,0.580174891042154,0,0,0,0,0,0,0
"907","TGGCAAACTAAATTAC-1",0,0,0,0,1,0,0,0,0
"908","TGGCAACTCGCGCGCC-1",0,0,0,0,0,0,0,0,0
"909","TGGCAATGGGACGGCG-1",0,0,0,0.191667494983384,0.808332505016616,0,0,0,0
"910","TGGCCAAACTGAAGTA-1",0,0,0,0,0,0,0,0,0
"911","TGGCCGTATATTGACC-1",0.315789541345809,0.684210458654191,0,0,0,0,0,0,0
"912","TGGCTTTGGGTAGACA-1",1,0,0,0,0,0,0,0,0
"913","TGGGAAATGCCTTTCC-1",0.768495643374391,0.231504356625609,0,0,0,0,0,0,0
"914","TGGGACCATTGGGAGT-1",0,0,0,0,0.376940350692321,0,0.623059649307678,0,0
"915","TGGGCAATAGTTGGGT-1",0.759339398217408,0.240660601782592,0,0,0,0,0,0,0
"916","TGGGCCTTGCCTGCAT-1",0.158983500685032,0.655470594294571,0,0,0.185545905020397,0,0,0,0
"917","TGGTAGAATATATGGG-1",1,0,0,0,0,0,0,0,0
"918","TGGTATCGCATCCCAA-1",0.336307020865579,0.663692979134421,0,0,0,0,0,0,0
"919","TGTAACTTGTCAACCT-1",0.504129003693244,0,0,0.421450961464534,0,0,0.0744200348422223,0,0
"920","TGTATAACAGATCCTG-1",0.967801824059039,0.0321981759409608,0,0,0,0,0,0,0
"921","TGTGCCGGTGCCGGAA-1",0,0,0,0,1,0,0,0,0
"922","TGTGGAGGAAGCTTAA-1",0.829087696575113,0,0,0.170912303424887,0,0,0,0,0
"923","TGTGTCGCGAGTTGCA-1",0.747796364988809,0.252203635011191,0,0,0,0,0,0,0
"924","TGTTGTCAAGAAGTCT-1",0,0,0,0,0,0,0,0,0
"925","TGTTTCGGTACTTCTC-1",0.457843650032725,0.542156349967275,0,0,0,0,0,0,0
"926","TTAACACCTCGAACAT-1",0,1,0,0,0,0,0,0,0
"927","TTAACCAACCCTCCCT-1",0.145916719527129,0.854083280472872,0,0,0,0,0,0,0
"928","TTAACTCACGCGTGGA-1",0,0,0,0,1,0,0,0,0
"929","TTAATGCGAGGTAACT-1",0.280501568004433,0.664594225162642,0,0,0.054904206832925,0,0,0,0
"930","TTAATGTGTTTGCAGG-1",0,0,0,0,0.45383254776768,0,0,0,0.54616745223232
"931","TTACCCTAACAGTCCT-1",0,0,0,0,0,0,0,0,0
"932","TTACCGCCTTAGGGAA-1",0.483731137044511,0.110803847601115,0,0.405465015354374,0,0,0,0,0
"933","TTACTAAAGGACTTTA-1",0,0,0,0.192584766372913,0.807415233627087,0,0,0,0
"934","TTACTCCGGCCGGGAA-1",0.704668935660827,0.174044287378658,0,0.121286776960515,0,0,0,0,0
"935","TTACTGTTTCTCTACG-1",-2.45517021284306e-19,0.928577942360243,0,0.0714220576397565,0,0,0,0,0
"936","TTAGACGAGTCACCTC-1",0.157825610136559,0.755197964731197,0,0,0.0869764251322441,0,0,0,0
"937","TTAGAGTTTAGAAGGA-1",0.698690266942576,0.191642937552851,0,0,0,0,0.109666795504572,0,0
"938","TTAGATAGGTCGATAC-1",0.432403339224807,0,0,0.567596660775193,0,0,0,0,0
"939","TTAGCTAATACGATCT-1",0.2302171217393,0.7697828782607,0,0,0,0,0,0,0
"940","TTATATACGCTGTCAC-1",0,0,0,0,0,0,0,0,0
"941","TTATCATACTCGCAAA-1",0.683818346102825,0.157540562408854,0,0.158641091488321,0,0,0,0,0
"942","TTATCCGGGATCTATA-1",0.0654062949271599,0.93459370507284,0,0,0,0,0,0,0
"943","TTATGACAAACTGGAT-1",0.00962121966061951,0.990378780339381,0,0,0,0,0,0,0
"944","TTATGTTTGCGATAGA-1",0,0,0,0,0.575490358318985,0,0.424509641681015,0,0
"945","TTATTAGGGAAGCATC-1",0.994420469529075,0.00557953047092539,0,0,0,0,0,0,0
"946","TTATTTCATCCCAAAC-1",0.0703302462668295,0.929669753733171,0,0,0,0,0,0,0
"947","TTCAAAGTCTCTAGCC-1",0,0,0,0,0,0,0,0,0
"948","TTCAACGACCCGACCG-1",1,0,0,0,0,0,0,0,0
"949","TTCAGAGTAACCTGAC-1",0.59710443668526,0.104152611413621,0,0.298742951901119,0,0,0,0,0
"950","TTCAGCCCTGGTCCAC-1",0.846984670367537,0.153015329632463,0,0,0,0,0,0,0
"951","TTCAGCTGGCGTGCCC-1",0,0,0,0.307638118102498,0.692361881897502,0,0,0,0
"952","TTCATAGCCTTGTAAC-1",0.892245480722001,0.107754519277999,0,0,0,0,0,0,0
"953","TTCCAATCAGAGCTAG-1",0.489373236188821,0.510626763811179,0,0,0,0,0,0,0
"954","TTCCAGACGAGATTTA-1",0,0,0,0,0,0,0,0,0
"955","TTCCGCAGAGAAATAT-1",0,0,0,0,1,0,0,0,0
"956","TTCCGGTATCTGTGTC-1",0.144290509463151,0.769954156610866,0,0,0.0857553339259829,0,0,0,0
"957","TTCCTCGAGGGTGTCT-1",0.751037115766095,0.248962884233905,0,0,0,0,0,0,0
"958","TTCCTCGGACTAACCA-1",0,0,0,0,0,0,0,0,0
"959","TTCGACGGGAAGGGCG-1",0.301552834851253,0.698447165148747,0,0,0,0,0,0,0
"960","TTCGCACTCGCGTGCT-1",0.0632812418761738,0.936718758123826,0,0,0,0,0,0,0
"961","TTCGCATCCGGAAGCA-1",0.477562731417823,0.221084836988226,0,0.301352431593951,0,0,0,0,0
"962","TTCGCTAGGAAGTTGT-1",0,0,0,0,1,0,0,0,0
"963","TTCGCTATCTGACGTG-1",0,0,0,0.337658177451941,0.662341822548059,0,0,0,0
"964","TTCGGGACTAATCGCG-1",0.129582860111078,0.788456822582125,0,0,0.0819603173067969,0,0,0,0
"965","TTCGTACTCCAGAACG-1",0.113666961706495,0.715822958266281,0,0,0.170510080027224,0,0,0,0
"966","TTCGTGCATGTTATAG-1",0,0,0,0.114099524242404,0.595652543086588,0,0.192764843196125,0,0.0974830894748824
"967","TTCGTTCAACGAAGTT-1",0,0,0,0.210024260113576,0.789975739886424,0,0,0,0
"968","TTCTAGGCCAATTGTG-1",0.710598350790902,0.289401649209098,0,0,0,0,0,0,0
"969","TTCTGACCGGGCTCAA-1",0,0,0,0,1,0,0,0,0
"970","TTCTGCGGGTTAGCGG-1",1,0,0,0,0,0,0,0,0
"971","TTCTGCTAGACTCCAA-1",0,0,0,0,0,0,0,0,0
"972","TTCTGTTTCCTGTCGC-1",0,0,0,0,0.686357911223634,0,0.313642088776366,0,0
"973","TTCTTAGTGGCTCAGA-1",0,1,0,0,0,0,0,0,0
"974","TTCTTATCCGCTGGGT-1",0.773290377104361,0.226709622895639,0,0,0,0,0,0,0
"975","TTCTTCCCTTTGATAT-1",0,0,0,0.222044628269765,0.777955371730235,0,0,0,0
"976","TTCTTGCTAGCATCTC-1",0.923661710730545,0.0763382892694554,0,0,0,0,0,0,0
"977","TTCTTGGAGTAATGAG-1",0,0,0,0.0839894401675125,0.916010559832488,0,0,0,0
"978","TTCTTTGGTCGCGACG-1",0.0203290280267035,0.979670971973296,0,0,0,0,0,0,0
"979","TTGAACGAATCCTTTG-1",0.775692263844883,0.224307736155117,0,0,0,0,0,0,0
"980","TTGAATATGGACTTTC-1",0.919986571282846,0.0800134287171538,0,0,0,0,0,0,0
"981","TTGACAGGAGCTCCCG-1",0.874807621129961,0,0,0,0,0,0.125192378870039,0,0
"982","TTGACCATGTTCTCCG-1",0.172817543457354,0.827182456542646,0,0,0,0,0,0,0
"983","TTGACTATTGTCCGGC-1",1,0,0,0,0,0,0,0,0
"984","TTGAGCGCCACGTGAT-1",0,0,0,0.133702046774637,0.467813219244207,0,0.398484733981157,0,0
"985","TTGAGTCCCGCTGCTG-1",0,0,0,0.148969176351515,0.851030823648485,0,0,0,0
"986","TTGATGTGTAGTCCCG-1",0.472839303807019,0.527160696192981,0,0,0,0,0,0,0
"987","TTGATTATGCAGATGA-1",0.129409266915893,0.870590733084107,0,0,0,0,0,0,0
"988","TTGCCAAGCAGAACCC-1",0.44235992150401,0.303806605939339,0,0.0835375344344378,0.170295938122214,0,0,0,0
"989","TTGCGGCGACTCATGC-1",0,1,0,0,0,0,0,0,0
"990","TTGCTAGCTACCAATC-1",0.374513179689474,0.114662294551896,0,0.51082452575863,0,0,0,0,0
"991","TTGCTGAAGGAACCAC-1",0.279158350979767,0.720841649020233,0,0,0,0,0,0,0
"992","TTGCTGCACCTATCCA-1",0.326042604240906,0.673957395759094,-6.52558351495144e-19,0,0,0,0,0,0
"993","TTGGACCATCTGGCAA-1",0,0,0,0.0789867833253866,0.827318800563471,0.0936944161111422,0,0,0
"994","TTGGATTGGGTACCAC-1",1,0,0,0,0,0,0,0,0
"995","TTGGCCATCTTGCGCT-1",1,0,0,0,0,0,0,0,0
"996","TTGGCTCGCATGAGAC-1",0.663854585723561,0.221637399638573,0,0.114508014637866,0,0,0,0,0
"997","TTGGGACACTGCCCGC-1",0,0,0,0,1,0,0,0,0
"998","TTGGGCGGCGGTTGCC-1",0.545781456680693,0.454218543319307,0,0,0,0,0,0,0
"999","TTGTAAGGCCAGTTGG-1",1,0,0,0,0,0,0,0,0
"1000","TTGTGGCCCTGACAGT-1",0.270617520746146,0.729382479253854,0,0,0,0,0,0,0
"1001","TTGTTAGCAAATTCGA-1",0.633086140628448,0.295795665340947,0,0.0711181940306053,0,0,0,0,0
"1002","TTGTTGTGTGTCAAGA-1",0.921007660315579,0.0789923396844206,0,0,0,0,0,0,0
