"","cell_ID","SMCs_Fibroblasts_Hybrids","SMCs_maintype","SMCs_subtype","Macrophages_and_MDSCs","Fibroblasts","Mast_cells","Endothelial_cells","NK_and_T_cells","B_cells"
"1","AAACGGTTGCGAACTG-1",0.330371447669428,0.17603877443378,0,0.493589777896792,0,0,0,0,0
"2","AAACTCGGTTCGCAAT-1",0.443000565239054,0.200279784743456,0,0.35671965001749,0,0,0,0,0
"3","AAACTCGTGATATAAG-1",0,0,0,1,0,0,0,0,0
"4","AAAGCTTGCCTACATA-1",0.488051683864651,0,0,0.511948316135349,0,0,0,0,0
"5","AAAGGCTACGGACCAT-1",0,0,0,1,0,0,0,0,0
"6","AAAGGCTCTCGCGCCG-1",0.318900280875478,0.0748332295400005,0,0.390084195582926,0.216182294001596,0,0,0,0
"7","AAATAAGGTAGTGCCC-1",0.0888152515582245,0.911184748441775,0,0,0,0,0,0,0
"8","AAATGATTCGATCAGC-1",0.330409376473229,0.338600728079209,0,0.275158737310621,0,0,0,0.0558311581369405,0
"9","AACAATACATTGTCGA-1",0.8652222678453,0.100319001139588,0,0.0344587310151121,0,0,0,0,0
"10","AACATTGTGACTCGAG-1",0.325377159452911,0.00609043142667398,0,0.668532409120415,0,0,0,0,0
"11","AACCTCGCTTTAGCCC-1",0,0,0,0,0.483566313629624,0,0.516433686370375,0,0
"12","AACCTTTAAATACGGT-1",0,0.154186989486955,0,0.43758723754841,0.408225772964635,0,0,0,0
"13","AACCTTTACGACGTCT-1",0.132811909820628,0.867188090179372,0,0,0,0,0,0,0
"14","AACGCATGATCTGGGT-1",0.365259144475353,0,0,0.634740855524647,0,0,0,0,0
"15","AACGCGACCTTGGGCG-1",0.559551609284445,0.281215640482216,0,0.159232750233339,0,0,0,0,0
"16","AACTAGGCTTGGGTGT-1",0,0,0,0.863390594328406,0,0,0.136609405671594,0,0
"17","AACTCTCAGTGTGCTC-1",0,0.0925636876681609,0,0.256940327666171,0.514097645367422,0,0.136398339298246,0,0
"18","AACTTTCTCGATCATG-1",0.288295373387177,0,0,0.255025603354095,0.372001073627942,0,0,0,0.0846779496307867
"19","AAGATGGCACCGGACC-1",0.457147480407818,0.485090155445931,0,0.0577623641462507,0,0,0,0,0
"20","AAGCACCCTGCGTATC-1",0.29663832788745,0.155720680820174,0,0.547640991292377,0,0,0,0,0
"21","AAGCGCAGGGCTTTGA-1",0.26709498390569,0.453699532308897,0,0.164437619274066,0.114767864511347,0,0,0,0
"22","AAGCGTCCCTCATCGA-1",0,0,0,0.20671086351167,0.407024982337503,0,0.386264154150827,0,0
"23","AAGGGACAGATTCTGT-1",0,0,0,0.217171968960221,0.508022406883055,0,0.274805624156724,0,0
"24","AAGTGAGTCGGGTTTA-1",0.405813265240091,0.118896152974915,0,0.475290581784995,0,0,0,0,0
"25","AAGTTCAGTCTGCGTA-1",0.279570644900118,0.49389473656615,0,0.0760501445182801,0.0686609730664214,0,0,0,0.08182350094903
"26","AAGTTTATGGGCCCAA-1",0.0514316195124794,0.832562519530203,0,0,0,0,0,0,0.116005860957318
"27","AATAGCTACCGCGTGC-1",0.539214542012769,0.217881586006909,0,0.242903871980322,0,0,0,0,0
"28","AATATCGAGGGTTCTC-1",0.569412015832984,0.04843016026829,0,0.337188723008217,0.0449691008905099,0,0,0,0
"29","AATCTATGCCGGAGCC-1",0,0,0,0.818758846630198,0,0,0.181241153369802,0,0
"30","AATGATGATACGCTAT-1",0.337708002677176,0.462066968187781,0,0.200225029135043,0,0,0,0,0
"31","AATGATGCGACTCCTG-1",0.127180732071512,0.248404325720488,0,0.444789069141077,0,0,0.179625873066923,0,0
"32","AATGCACCAAGCAATG-1",0.570722847758391,0,0,0.329123642916023,0.100153509325586,0,0,0,0
"33","AATTCATAAGGGATCT-1",0.204618851705049,0.439209616742798,0,0.356171531552153,0,0,0,0,0
"34","AATTCCAAGCATGTAC-1",0.520462589002486,0.217540982837246,0,0.261996428160268,0,0,0,0,0
"35","AATTCGATTCGAGGAT-1",0.127004327693314,0,0,0.34767128699098,0.38956757313497,0,0.135756812180735,0,0
"36","ACACCACATAATTAGC-1",0.274908100805766,0.725091899194234,0,0,0,0,0,0,0
"37","ACATCCCGGCCATACG-1",0.464336900073776,0.0253221827882911,0,0.378911006890077,0.131429910247856,0,0,0,0
"38","ACCAACACCACACACT-1",0.353966008358868,0.319380703078955,0,0.246914941275671,0,0,0.0797383472865057,0,0
"39","ACCAATATGCAAGTTA-1",0.450453990646552,0.12166204372582,0,0.267559358656482,0.160324606971146,0,0,0,0
"40","ACCACCCTCTCTTCTA-1",0.363861770107075,0.306577363166436,0,0.219610436176737,0,0,0,0.109950430549752,0
"41","ACCCTATGCCATATCG-1",0.396090571519122,0,0,0.158010807496215,0.445898620984663,0,0,0,0
"42","ACCCTGGTAACGCCCT-1",0.188452004993213,0.161961851417436,0,0.649586143589351,0,0,0,0,0
"43","ACCGACACATCTCCCA-1",0,0,0,0.779907702240822,0,0,0,0.220092297759178,0
"44","ACCGTGACCACGTGGG-1",0.778396164371169,0.154880600506332,0,0.0667232351224988,0,0,0,0,0
"45","ACCTACTATAAATCTA-1",0.275665991020256,0.724334008979744,0,0,0,0,0,0,0
"46","ACGAGTACGGATGCCC-1",0.35205478705468,0.234312737226635,0,0.413632475718685,0,0,0,0,0
"47","ACGATACATAGAACTA-1",0.303576254309322,0.289881389093587,0,0.228512215049243,0.178030141547848,0,0,0,0
"48","ACGCAAACTAATAGAT-1",0.908473400356336,0.0068996185995434,0,0.0846269810441208,0,0,0,0,0
"49","ACGCAATCACTACAGC-1",0,0,0,1,0,0,0,0,0
"50","ACGGACTCTCAAAGCG-1",0.838847968943307,0,0,0.161152031056693,0,0,0,0,0
"51","ACGGAGCGCAAATTAC-1",0.421754345109375,0.41628872457863,0,0.161956930311995,0,0,0,0,0
"52","ACGGATGGTGCGGATA-1",0.512224357753157,0.109336359129473,0,0.228323811332042,0.150115471785328,0,0,0,0
"53","ACGGCCAACATGGACT-1",0.329364667994118,0.0778418116234797,0,0.466921942101798,0.125871578280605,0,0,0,0
"54","ACGGGCGTATGCGACA-1",0.393096894307506,0.0896294279341442,0,0.51727367775835,0,0,0,0,0
"55","ACGTAGGAGAGTCGCT-1",0,0,0,0.317212544684136,0.546111885435493,0,0.136675569880371,0,0
"56","ACTATTTCCGGGCCCA-1",0.54641721388358,0.252339815549552,0,0.11165260546067,0,0,0.0895903651061991,0,0
"57","ACTCCCTAATGCTAAA-1",0.314753661850478,0.178583863774093,0,0.373195767027436,0,0,0.133466707347992,0,0
"58","ACTTACGCATCCACGC-1",0.200265319456588,0.799734680543412,0,0,0,0,0,0,0
"59","AGAAGGTTGTAGGTCG-1",0.128434579042394,0.554995694726244,0,0.207791974537792,0.108777751693569,0,0,0,0
"60","AGACTGTTACCGGGTC-1",0.945215040798392,0.0547849592016084,0,0,0,0,0,0,0
"61","AGAGAAGGAGTACAAT-1",0,0,0,0.179956474522252,0.820043525477748,0,0,0,0
"62","AGAGTATAGTGTTACG-1",0,0,0,1,0,0,0,0,0
"63","AGATATAATACGACTA-1",0.616169641308556,0.0975922222454229,0,0.286238136446021,0,0,0,0,0
"64","AGATCGTGCATAAGAT-1",0.212438618757085,0.0582853578131595,0,0.729276023429756,0,0,0,0,0
"65","AGCAAAGGCCGCTAGT-1",0,0,0,0.769799357028151,0,0,0.110387055138095,0.119813587833754,0
"66","AGCAGAAGGAGAAAGA-1",0.294444233864923,0.196204597298509,0,0.421504108678345,0,0,0.0878470601582231,0,0
"67","AGCAGCCAGATGAATA-1",0,0,0,0.938026089231329,0,0,0.0619739107686706,0,0
"68","AGCCAAGCTTTGTGTC-1",0,0,0,1,0,0,0,0,0
"69","AGCCATATAGTATGTG-1",0,0.100750720432022,0,0.200987355803498,0.287586127490829,0,0.410675796273651,0,0
"70","AGCCCGCAACAAGCAG-1",0.207155021830236,0.585192641767855,0,0.207652336401909,0,0,0,0,0
"71","AGCCCGGTAGCCTGTA-1",0,0,0,0.752290868640915,0,0,0.126906674555607,0.120802456803478,0
"72","AGCCCTTCTAATCCGA-1",0.089617049078131,0,0,0.324052740763775,0.586330210158094,0,0,0,0
"73","AGCGCATAATGAATCG-1",0.4196086367306,0.0469468802184543,0,0.427362145641522,0,0,0.106082337409424,0,0
"74","AGCGCGGGTGCCAATG-1",0.704274540846427,0,0,0.232186117894354,0.0635393412592184,0,0,0,0
"75","AGCGGACACTTCGTAG-1",0,0,0,1,0,0,0,0,0
"76","AGCGGGTCTGACACTC-1",0.318595506194009,0.239747771910963,0,0.441656721895028,0,0,0,0,0
"77","AGCTAGAAGCAGAAGT-1",0.381875696447599,0,0,0.618124303552401,0,0,0,0,0
"78","AGCTCTTCCCAGTGCA-1",0.62278319540499,0.243029785789843,0,0.134187018805167,0,0,0,0,0
"79","AGCTGAAGTAAACCAA-1",0.318771195905941,0.681228804094059,0,0,0,0,0,0,0
"80","AGGAAGCTGTCCGCCG-1",0,0,0,0.832647930121135,0,0,0.0370066739967582,0.130345395882107,0
"81","AGGACGCTCGATGTTG-1",0.586962727252097,0.158142670231409,0,0.195479765624342,0.0594148368921521,0,0,0,0
"82","AGGAGACATCCACAGT-1",0.467901165915818,0.267669593300138,0,0.165497721479118,0,0,0,0.0989315193049259,0
"83","AGGAGAGTCTGGCTAC-1",0.145591364435396,0.737948828795144,0,0.116459806769459,0,0,0,0,0
"84","AGGATTGCTTACGACA-1",0.631636587412555,0.159432031455458,0,0.208931381131986,0,0,0,0,0
"85","AGGGACTCTACGCGAC-1",0.387704745466419,0.148653132421059,0,0.195748212564592,0.26789390954793,0,0,0,0
"86","AGGTAGATCGAGATAT-1",0,0,0,0.369198537057267,0.630801462942733,0,0,0,0
"87","AGGTGGTGACCTTCGC-1",0,0,0,0.952476429266376,0,0,0.0475235707336238,0,0
"88","AGTACATCATTTATCA-1",0.374328557142209,0.444234515563666,0,0.181436927294125,0,0,0,0,0
"89","AGTAGAAGGCGCCTCA-1",0,0,0,0.158057378446736,0.4406163924396,0,0.401326229113664,0,0
"90","AGTATACACAGCGACA-1",0.943597738637771,0.0564022613622286,0,0,0,0,0,0,0
"91","AGTCCCGCCTTTAATT-1",0.538998009637328,0.461001990362672,0,0,0,0,0,0,0
"92","AGTCCCTCGCAGAAAG-1",0.2210949694191,0.599347299424469,0,0.179557731156432,0,0,0,0,0
"93","AGTCGTATAAAGCAGA-1",0,0,0,0.364131568618499,0.519587451222033,0,0.0533160021163398,0.0629649780431283,0
"94","AGTCTAAAGTATACTC-1",0.590922090494112,0.0698190854130736,0,0.233077520639308,0,0,0.106181303453506,0,0
"95","AGTCTTTAAAGTGTCC-1",0,0,0,0.193842474140963,0.395239680526515,0,0.410917845332523,0,0
"96","AGTGAAGATGGTGTCC-1",0.417945168219194,0.235124027470004,0,0.129392075744413,0.0717530793710789,0,0.14578564919531,0,0
"97","AGTGAGCCTCGCCGCC-1",0.332230564121868,0,0,0.311289844105872,0.35647959177226,0,0,0,0
"98","AGTGGCGGCAATTTGA-1",0.402574990223848,0.110150813630284,0,0.428781000782482,0,0,0.058493195363386,0,0
"99","AGTGTATTGCGCATTG-1",0.367309252941886,0.518430946653382,0,0.114259800404732,0,0,0,0,0
"100","AGTTGACGGTCCTTGC-1",0,0,0,0.960543691025533,0,0,0.0394563089744667,0,0
"101","AGTTTATGTAAAGACA-1",0.660204953189059,0.032246040595649,0,0.307549006215292,0,0,0,0,0
"102","ATAAGTAGGATTCAGA-1",0.555148784469452,0.00926463453560054,0,0.435586580994947,0,0,0,0,0
"103","ATAATCTTGGAGAACC-1",0.383857921261306,0.548806789944737,0,0.0673352887939572,0,0,0,0,0
"104","ATAATTAGCTAAGTAG-1",0,0,0,1,0,0,0,0,0
"105","ATACAGGCCCTCCAAT-1",0.809995167674524,0.10458333112925,0,0.0854215011962255,0,0,0,0,0
"106","ATACGTTATGCACGGA-1",0,0,0,1,0,0,0,0,0
"107","ATAGAGTTATCAACTT-1",0,0.168582499143333,0,0.221687744975241,0.591958798088444,0,0.0177709577929823,0,0
"108","ATAGGCTAGCTTCGCA-1",0.114042358712866,0.326034104512914,0,0.55992353677422,0,0,0,0,0
"109","ATATCTCCCTCGTTAA-1",0.587268861845567,0.412731138154433,0,0,0,0,0,0,0
"110","ATCACTTCATCCTCGC-1",0,0,0,0.0893551880170148,0.728943923175068,0,0.181700888807918,0,0
"111","ATCAGTAGGCAGGGAT-1",0.482857661510259,0.131833623276084,0,0.23769723546288,0.147611479750778,0,0,0,0
"112","ATCCACATCGACAGAA-1",0.374785556404421,0.209245068841985,0,0.415969374753595,0,0,0,0,0
"113","ATCGCTGCGTGCAGCA-1",0,0,0,1,0,0,0,0,0
"114","ATCGGCAAGCAGTCCA-1",0.217902053241425,0,0,0.782097946758575,0,0,0,0,0
"115","ATCTAATATCCTACGG-1",0.608004488299346,0.00047298806980674,0,0.331687966365349,0.0598345572654983,0,0,0,0
"116","ATCTAGCTTGTGAGGG-1",0.424592734806243,0.166296077281761,0,0.409111187911996,0,0,0,0,0
"117","ATCTGACATGGAAGGA-1",0.601111774424929,0.398888225575071,0,0,0,0,0,0,0
"118","ATCTGCACCTCTGCGA-1",0,0,0,0.296423665915914,0.483433279992029,0,0.220143054092057,0,0
"119","ATCTGCTGTTATCGCC-1",0.335759625639177,0.268211220807941,0,0.396029153552883,0,0,0,0,0
"120","ATCTGGGCTGTTCTTG-1",0.291883233725712,0.205473422490839,0,0.502643343783449,0,0,0,0,0
"121","ATCTTGACTTGTCCAA-1",0.605653835513284,0.0694044368095547,0,0.176456940352845,0.148484787324316,0,0,0,0
"122","ATCTTTCGTATAACCA-1",0,0,0,1,0,0,0,0,0
"123","ATGACTATCAGCTGTG-1",0.865766260477929,0.134233739522071,0,0,0,0,0,0,0
"124","ATGCCGGTTGATGGGA-1",0.375619531604887,0.459628359953882,0,0.164752108441231,0,0,0,0,0
"125","ATGCTCTGGCGCGGTA-1",0.847346272583353,0.0794918719250819,0,0.0731618554915647,0,0,0,0,0
"126","ATGTAAGGCTGCTCTT-1",0.188911116031888,0.337864506384404,0,0.187280822822903,0.285943554760804,0,0,0,0
"127","ATGTACGATGACGTCG-1",0.334432989421128,0.413657051851037,0,0.251909958727835,0,0,0,0,0
"128","ATGTAGCGCGCGTAGG-1",0.141912779303733,0,0,0.151189418352186,0.540514413083792,0,0,0,0.166383389260289
"129","ATGTTGTAGTCTGTTT-1",0.346553184131746,0.653446815868254,0,0,0,0,0,0,0
"130","ATTACTTACTGGGCAT-1",0,0,0,0.896770884672485,0,0,0,0.103229115327515,0
"131","ATTATCGGAATGTACG-1",0,0.223430550786528,0,0.228126963934585,0.371738401776071,0,0.176704083502816,0,0
"132","ATTATTATGTCCGTCA-1",0.448019054844894,0.551980945155106,0,0,0,0,0,0,0
"133","ATTCACTGATGTTGGA-1",0.267459743082942,0.538623528492757,0,0.193916728424301,0,0,0,0,0
"134","ATTCAGGACCTATTTC-1",0.533330241520152,0,0,0.466669758479848,0,0,0,0,0
"135","ATTGACCGGCGATGAC-1",0.310945798821776,0.275924633376638,0,0.413129567801586,0,0,0,0,0
"136","ATTTACTAAGTCCATT-1",0.566065118776939,0.168041082710232,0,0.165941311372136,0.0999524871406941,0,0,0,0
"137","ATTTCCGGGTTCTGCG-1",0,0.0698425795801165,0,0.221200329651996,0.493957860011029,0,0.214999230756858,0,0
"138","CAAACCCTCCGGCGGG-1",0,0.319781967325649,0,0.154889232324765,0.525328800349585,0,0,0,0
"139","CAAATTGGATTATGCC-1",0.474825730337212,0.127014655873329,0,0.398159613789459,0,0,0,0,0
"140","CAACACATCTCCTGCC-1",0.0897578656920289,0.853241666007315,0,0.057000468300656,0,0,0,0,0
"141","CAACCTGAACCTGCCA-1",0.424185965255523,0.1038212852566,0,0.471992749487876,0,0,0,0,0
"142","CAAGACTCAGAAGCGC-1",0.210343483740541,0.752765652679291,0,0.0368908635801678,0,0,0,0,0
"143","CAAGTAAGTGATAGAC-1",0,0,0,0.199649285015073,0.800350714984927,0,0,0,0
"144","CAATGAGGTTCGACTA-1",0,0,0,0.895943094781968,0,0,0.104056905218032,0,0
"145","CACAGGGCCGTTGTCA-1",0,0,0,1,0,0,0,0,0
"146","CACATCGTGCACGCGC-1",0.640986011636646,0.359013988363354,0,0,0,0,0,0,0
"147","CACATCTCACCGACGA-1",0.717789299188871,0.2341129041925,0,0.0480977966186287,0,0,0,0,0
"148","CACATTCTTTCGATGG-1",0.548554845351632,0.160335085748318,0,0.29111006890005,0,0,0,0,0
"149","CACCCACGAGGCAATT-1",0.627778276433172,0.24997484986197,0,0.122246873704858,0,0,0,0,0
"150","CACCCGGTTTGTGACT-1",0,0.087136102556524,0,0.283752501804036,0.488893059015127,0,0.140218336624314,0,0
"151","CACCGTTAGGGATCAC-1",0,0,0,0.420147472124986,0.462551787418215,0,0.117300740456799,0,0
"152","CACGGACGTGGATGGC-1",0.374643070040574,0.402115070227591,0,0.223241859731834,0,0,0,0,0
"153","CACTGACGATTGTGGA-1",0.685052791866149,0,0,0.314947208133851,0,0,0,0,0
"154","CAGACACCGATCGCTG-1",0.309736600394617,0.136232282960998,0,0.29969398000402,0.175139921362632,0,0.0791972152777324,0,0
"155","CAGAGGCGATGCATGA-1",0.441156606850522,0.0605074845468803,0,0.203372295466318,0.245856949528444,0,0.0491066636078364,0,0
"156","CAGATCATTTAAAGTC-1",0,0,0,1,0,0,0,0,0
"157","CAGCAGTCTGTGCTGC-1",0.636341235437443,0.00748720210338476,0,0.356171562459172,0,0,0,0,0
"158","CAGCGATTCCCTTCAA-1",0,0.252981436755843,0,0.20328637342825,0.410742557645327,0,0.132989632170579,0,0
"159","CAGTAACTATTTATTG-1",0.535516878342094,0.178628854248968,0,0.285854267408938,0,0,0,0,0
"160","CAGTACATTCTCTAAA-1",0.388136961374682,0.0386069090880346,0,0.573256129537284,0,0,0,0,0
"161","CAGTAGCCCACGCGGT-1",0.178460753873896,0,0,0.277519983897539,0.265311493376627,0,0.278707768851938,0,0
"162","CAGTCGAGGATGCAAT-1",0.280995525034691,0.269345806284233,0,0.449658668681075,0,0,0,0,0
"163","CATACACGGTTCCCAC-1",0,0,0,1,0,0,0,0,0
"164","CATACTTCTTTCTCCG-1",0.214232107676206,0.360277359358133,0,0.223962812167271,0.201527720798389,0,0,0,0
"165","CATATACTACTGATAA-1",0.179016365084098,0.350300343429382,0,0.233595760971712,0.237087530514807,0,0,0,0
"166","CATCTATCCCGTGTCT-1",0.311404638496401,0.475560756358041,0,0.213034605145557,0,0,0,0,0
"167","CATGAGATGCACTCTC-1",0.275479893289725,0.724520106710275,0,0,0,0,0,0,0
"168","CATGATGCACAATTCT-1",0,0,0,0.170715275025646,0.829284724974354,0,0,0,0
"169","CATGCGACCAGTTTAA-1",0.325967386406187,0,0,0.318059387089687,0.355973226504126,0,0,0,0
"170","CATGGGTCGGGTGTGG-1",0.412157050686335,0.479938152192871,0,0.107904797120794,0,0,0,0,0
"171","CATTACATAGATTGTG-1",0,0,0,0.923881892646439,0,0,0,0.0761181073535606,0
"172","CATTACGTCGGCCCGT-1",0,0.0708119851533497,0,0.378845670199684,0.45460333554592,0,0.0957390091010463,0,0
"173","CATTCCCATTCCGTCG-1",0.350738736612195,0.534466192373895,0,0.11479507101391,0,0,0,0,0
"174","CATTGATGAACACGCC-1",0.44168427053906,0.233021609367094,0,0.238440627342386,0,0,0.0868534927514608,0,0
"175","CATTGCGGGTCAATTC-1",0,0,0,1,0,0,0,0,0
"176","CCAATTACGGGTCGAG-1",0.382347070464614,0.0784919572245733,0,0.539160972310813,0,0,0,0,0
"177","CCACCAACTTTACTGT-1",0,0,0,0.22594950841827,0.77405049158173,0,0,0,0
"178","CCACTATCCGGGTCAC-1",0.463926695749379,0.394712291242866,0,0.141361013007754,0,0,0,0,0
"179","CCAGCGGGATCACCAG-1",0.24386676730581,0.5399135188568,0,0.21621971383739,0,0,0,0,0
"180","CCAGCTCGAACGCATT-1",0,0,0,1,0,0,0,0,0
"181","CCAGTAGTCTGATCCA-1",0,0.15769960848987,0,0.28102826981472,0.466095576345408,0,0.0951765453500021,0,0
"182","CCATTGTTTCCTCCAT-1",0.729259357480744,0.150456530499034,0,0.120284112020222,0,0,0,0,0
"183","CCATTTCTACCTATTA-1",0.613602577160418,0,0,0.340698087623511,0.0456993352160709,0,0,0,0
"184","CCCAGAGGAGGGCGTA-1",0,0,0,1,0,0,0,0,0
"185","CCCGGGTCGTTCAGGG-1",0.346776551809887,0.206201782036237,0,0.447021666153876,0,0,0,0,0
"186","CCCGTAGCTGGGAAGA-1",0.237722596021871,0,0,0.131205772183967,0.631071631794161,0,0,0,0
"187","CCGAAGGGCGTACCGC-1",0.24448560582545,0.75551439417455,0,0,0,0,0,0,0
"188","CCGCATGTGGTACGAT-1",0.294932424586453,0.348133702027609,0,0.356933873385939,0,0,0,0,0
"189","CCGCTCCAGGGCGATC-1",0,0,0,0.476156977254497,0.523843022745503,0,0,0,0
"190","CCGGTTTGTAATTGTG-1",0.544302190298407,0.142517008214168,0,0.156967365835503,0.156213435651922,0,0,0,0
"191","CCGTGGAACGATCCAA-1",0,0,0,0.868839459931183,0,0,0.131160540068817,0,0
"192","CCTATACCGTCCTGTC-1",0.435974495776159,0.149849013533465,0,0.205941427704433,0.208235062985943,0,0,0,0
"193","CCTATATTTGTCCTGG-1",0,0,0,1,0,0,0,0,0
"194","CCTATGGTCAAAGCTG-1",0.215190897483726,0.652130115780179,0,0.132678986736096,0,0,0,0,0
"195","CCTCACCTGAGGGAGC-1",0.659839382836235,0,0,0.162672292709395,0.17748832445437,0,0,0,0
"196","CCTCACCTTAGCATCG-1",0.286427339950411,0.0349487921268339,0,0.338259625834832,0.269156462817305,0,0.0712077792706183,0,0
"197","CCTCGCGCGATATAGG-1",0.174998806837441,0.129340437793125,0,0.695660755369434,0,0,0,0,0
"198","CCTCGCGCTGTGCGAT-1",0.294521433470104,0.136583020251565,0,0.568895546278331,0,0,0,0,0
"199","CCTTCGTATAGAATCC-1",0.0731733874372582,0.401656725206333,0,0.192307721604207,0.332862165752202,0,0,0,0
"200","CCTTTCAATGAAGAAA-1",0.27309265921151,0,0,0.363860963105097,0.363046377683393,0,0,0,0
"201","CGAAGCTATAAATTCA-1",0.309333963787694,0.0981935389304158,0,0.253976760740513,0,0,0,0,0.338495736541378
"202","CGAATGACGCATAATG-1",0,0,0,0.946243338125505,0,0,0.0537566618744946,0,0
"203","CGACTCAGGATGTTAT-1",0.325857158203332,0.406246860307502,0,0.267895981489166,0,0,0,0,0
"204","CGAGGAGCTTCCATAT-1",0.355633400616321,0.148985699713038,0,0.495380899670641,0,0,0,0,0
"205","CGAGGATCGGGAACGA-1",0,0,0,1,0,0,0,0,0
"206","CGAGGGTATCCAGGTG-1",0,0,0,1,0,0,0,0,0
"207","CGATCCTCGCAACATA-1",0,0,0,0.332186024411325,0.667813975588675,0,0,0,0
"208","CGATTAAATATCTCCT-1",0.256241000198288,0.0194027878980407,0,0.724356211903671,0,0,0,0,0
"209","CGATTCGCCTGGCTGC-1",0.561973630478018,0.280294331128061,0,0.157732038393921,0,0,0,0,0
"210","CGCAGATCTTCACCCG-1",0,0,0,1,0,0,0,0,0
"211","CGCGACCGCGACAGAT-1",0.186995988837564,0,0,0.291912737427896,0.521091273734539,0,0,0,0
"212","CGCGGTAAGTCTAGCT-1",0.69179254047686,0.177625051786459,0,0.130582407736682,0,0,0,0,0
"213","CGCGGTCACAAACCAA-1",0.117026315530732,0.624275439288955,0,0.097929534348158,0,0,0.0606378025640017,0,0.100130908268154
"214","CGCTTAGTATTGATAC-1",0.589533825080092,0.165533866132378,0,0.24493230878753,0,0,0,0,0
"215","CGGACCTTTACGTCCC-1",0,0,0,0.345626636684031,0.54455202840855,0,0.109821334907419,0,0
"216","CGGAGCAATTTAATCG-1",0.245149572801072,0,0,0.494026652998226,0.260823774200702,0,0,0,0
"217","CGGATCCTCAAGGACT-1",0.422938962386138,0.305800239139382,0,0.193815823608862,0.0774449748656182,0,0,0,0
"218","CGGCCAGAGCGACCAT-1",0.14461516047373,0.774373465456294,0,0.0810113740699759,0,0,0,0,0
"219","CGGGCGATGGATCACG-1",0,0,0,0.195733389552915,0.636475862527178,0,0.167790747919907,0,0
"220","CGGTCCATGAGACTCC-1",0.181441781951938,0.584492787539034,0,0.120994950118475,0.113070480390552,0,0,0,0
"221","CGGTCCGTCGCAAGCC-1",0,0,0,1,0,0,0,0,0
"222","CGGTTCAAGTAGGTGT-1",0.402420019276288,0.334495219717299,0,0.263084761006413,0,0,0,0,0
"223","CGTAACTTCGACACTT-1",0,0,0,0.157480054083207,0.842519945916793,0,0,0,0
"224","CGTATTGTTTCCTAAT-1",0.30040603284427,0,0,0.197028932168068,0.256214449503579,0,0,0,0.246350585484083
"225","CGTCGCATGTGAGCCA-1",0.26301097501732,0.0653470967032963,0,0.255797268611972,0.415844659667412,0,0,0,0
"226","CGTCGTCCTTCGCGAA-1",0.316229214755745,0.469635771378314,0,0.214135013865941,0,0,0,0,0
"227","CGTGACCAGTCCTCTG-1",0,0,0,1,0,0,0,0,0
"228","CGTGTCTCGTTACGAC-1",0,0,0,0.356327750030464,0.643672249969536,0,0,0,0
"229","CGTGTGTTAAACCCTG-1",0.276883855841613,0.647309902347972,0,0.0758062418104155,0,0,0,0,0
"230","CGTTCAGACCCGCGAA-1",0.194947095445846,0.179329152171914,0,0.62572375238224,0,0,0,0,0
"231","CGTTCTTCGCACACCT-1",0.226167856613917,0.442437273931617,0,0.274166982654136,0,0,0,0,0.0572278868003295
"232","CGTTGAATACCGCGCT-1",0.265262871620542,0.734737128379458,0,0,0,0,0,0,0
"233","CGTTGCCCGCGTGGGA-1",0.598037975975126,0.282408591864431,0,0.119553432160443,0,0,0,0,0
"234","CGTTGTCGGCAATTGA-1",0.262766761662963,0.252997251933538,0,0.484235986403499,0,0,0,0,0
"235","CGTTTACAAGGCAGCT-1",0.521788532101276,0.225853088476948,0,0.252358379421777,0,0,0,0,0
"236","CGTTTCACTTCGGGCG-1",0.72265716821134,0.0071291454306645,0,0.270213686357996,0,0,0,0,0
"237","CGTTTGTGTAGAGGGT-1",0,0.273657210879429,0,0.186350050422067,0.371813567177867,0,0.168179171520637,0,0
"238","CTAAATCCGGTGTACA-1",0.386656503193281,0,0,0.311738307562061,0.301605189244659,0,0,0,0
"239","CTAATTCTCAGATATT-1",0.552618246485187,0.245520319745413,0,0.2018614337694,0,0,0,0,0
"240","CTACAAGAAATAACCC-1",0.428475071481473,0.538811519884252,0,0.0327134086342754,0,0,0,0,0
"241","CTAGCCGATGTTATGA-1",0,0,0,0.893137332793432,0,0,0.106862667206568,0,0
"242","CTAGTAGAAAGGGATT-1",0,0,0,0.175105871841709,0.615905070506243,0,0.208989057652048,0,0
"243","CTATAAGAGCCAATCG-1",0,0,0,0.687910943817653,0,0,0.16883290682253,0.143256149359817,0
"244","CTATAGGCGTTGATGT-1",0.94577749367015,0.0542225063298505,0,0,0,0,0,0,0
"245","CTATGCCCGAATGCAA-1",0,0,0,1,0,0,0,0,0
"246","CTATTTGCTTGGAGGA-1",0,0,0,0.344657274523786,0.306584704653566,0,0.348758020822649,0,0
"247","CTCAAACCACTGCCCG-1",0.267298179301312,0.517324991579232,0,0.215376829119456,0,0,0,0,0
"248","CTCACATTTACTAAAT-1",0,0,0,0.915404748301294,0,0,0.0845952516987064,0,0
"249","CTCACTGTGATACTTA-1",0.482516339310124,0.0798865451231427,0,0.437597115566733,0,0,0,0,0
"250","CTCAGTCACGACAAAT-1",0.406018418440733,0.267862211136357,0,0.244230487626216,0,0,0.0818888827966929,0,0
"251","CTCATCACTTAGTGAT-1",0.775538632852758,0.164974962525988,0,0.0594864046212543,0,0,0,0,0
"252","CTCATTAACGTTGCCC-1",0.100952019986181,0.899047980013819,0,0,0,0,0,0,0
"253","CTCATTGCTCTAACAA-1",0.503393046071429,0.496606953928571,0,0,0,0,0,0,0
"254","CTCCTCCAGCTCACAC-1",0,0,0,0.895997301994221,0,0,0,0.104002698005779,0
"255","CTCCTTTACGCAAGTC-1",0,0,0,1,0,0,0,0,0
"256","CTCGCCGAATGTAGGG-1",0,0,0,0.856414120580657,0,0,0.0376690094699772,0.105916869949366,0
"257","CTCGGGATAACACCTA-1",0.388048255765732,0.611951744234268,0,0,0,0,0,0,0
"258","CTCGTTTCTAATGTTT-1",0,0,0,1,0,0,0,0,0
"259","CTCTAATGCATTGATC-1",0,0,0,1,0,0,0,0,0
"260","CTCTTCTGGAAGTTAG-1",0.744304534639394,0.255695465360606,0,0,0,0,0,0,0
"261","CTCTTGTCCCGCTTGG-1",0.326777716664407,0,0,0.6201409593925,0.0530813239430931,0,0,0,0
"262","CTGAATTTATTGCCAG-1",0,0,0,1,0,0,0,0,0
"263","CTGAGCGAGACTTATT-1",0.31111647450996,0.68888352549004,0,0,0,0,0,0,0
"264","CTGCGACCTCGCCGAA-1",0,0,0,0.311571269697051,0.561337266085587,0,0.127091464217363,0,0
"265","CTGCGTTACGATATAA-1",0.175786698071216,0.824213301928784,0,0,0,0,0,0,0
"266","CTGCTTTATGTCCGCG-1",0.217220390593381,0.511118553853535,0,0.271661055553084,0,0,0,0,0
"267","CTGGTAACGAGCTCTT-1",0.157690288862604,0.131055144522275,0,0.397613942267699,0.313640624347422,0,0,0,0
"268","CTGTAGCCATCTCACT-1",0.240780157398016,0.683422301271932,0,0.0757975413300515,0,0,0,0,0
"269","CTGTCAAATGGCTCGG-1",0.530487204001454,0.114009621396364,0,0.264470541574957,0.0910326330272244,0,0,0,0
"270","CTTAGCCTTCCACATG-1",0.276339698073226,0.238628892722831,0,0.205602083132205,0.200404005516841,0,0.0790253205548959,0,0
"271","CTTAGTGTAGTAGCAT-1",0,0.196155100355679,0,0,0.277718231570055,0,0.526126668074266,0,0
"272","CTTCAACTCCACTTGG-1",0.690056792250056,0.250522401384047,0,0.0594208063658973,0,0,0,0,0
"273","CTTCCGCTCCGTGAAG-1",0.283500904212444,0.626769591275438,0,0.0897295045121173,0,0,0,0,0
"274","CTTCTGGGCGTACCTA-1",0,0,0,0.596498885193301,0.403501114806699,0,0,0,0
"275","CTTGGCCAAGCTGGGA-1",0,0,0,0.842405624233008,0,0,0,0.157594375766992,0
"276","CTTTCTGTGCGGGCTT-1",0.195071811091549,0,0,0.320299319055341,0.48462886985311,0,0,0,0
"277","CTTTGGGATTGTTGCA-1",0.666332994285013,0.175322791744367,0,0.158344213970621,0,0,0,0,0
"278","GAAAGCAGTGCACTTT-1",0,0.639255462289957,0,0.360744537710043,0,0,0,0,0
"279","GAAATCGCGCGCAACT-1",0,0,0,0,0.347305933509427,0,0.652694066490573,0,0
"280","GAAATTAGCACGGATA-1",0.672432310525987,0,0,0.279144197100348,0.0484234923736655,0,0,0,0
"281","GAACAGATTACTAAAT-1",0.509808369377666,0.261127628727136,0,0.229064001895197,0,0,0,0,0
"282","GAACCTTTAACGATCC-1",0.186008693459303,0.653859872310249,0,0.0950837197302697,0,0,0.0650477145001787,0,0
"283","GAACGATAAGTTAAAG-1",0.577555416537103,0,0,0.422444583462897,0,0,0,0,0
"284","GAACTGTGGAGAGACA-1",0.41618282438695,0.430359831178512,0,0.153457344434538,0,0,0,0,0
"285","GAAGCCACTGATTATG-1",0.471696115990486,0.107608302005984,0,0.42069558200353,0,0,0,0,0
"286","GAAGCCTGCACATTCC-1",0,0,0,1,0,0,0,0,0
"287","GAAGGAGTCGAGTGCG-1",0.236584256906208,0.302972417393645,0,0.324704018320723,0.0792599894348076,0,0.0564793179446172,0,0
"288","GAAGGCTACCATTGTT-1",0,0,0,1,0,0,0,0,0
"289","GAATAGCCCTGCGGTC-1",0.247955791407126,0.674577211742157,0,0.0774669968507169,0,0,0,0,0
"290","GAATAGTGCTCGATTA-1",0.442157284187294,0.437844433474614,0,0.119998282338091,0,0,0,0,0
"291","GAATGCGAATCGGTTC-1",0.303003545970238,0.224287196739548,0,0.472709257290214,0,0,0,0,0
"292","GACATCCGTCGAACTG-1",0.157144787499169,0.136366367695468,0,0.706488844805363,0,0,0,0,0
"293","GACCTTCCACGTCTAC-1",0.203440524654141,0.716044704472752,0,0.0805147708731071,0,0,0,0,0
"294","GACGCCGTAAAGGCTA-1",0.0853909322216375,0.113660801129312,0,0.378138097967852,0.422810168681199,0,0,0,0
"295","GACGGGTTGGCCCGTA-1",0,0,0,1,0,0,0,0,0
"296","GACGTTCGTAAATACA-1",0,0,0,1,0,0,0,0,0
"297","GACTACAATTGCTCGT-1",0,0,0,0.176151013289114,0.660099546163694,0,0.163749440547192,0,0
"298","GACTAGGCCGTTAGGT-1",0,0,0,0.252505435627633,0.431030651642339,0,0.316463912730028,0,0
"299","GACTCGCGGGAATGAC-1",0,0,0,0.270821242464485,0.729178757535515,0,0,0,0
"300","GACTGCAAATCGAGCT-1",0.423668586120846,0.164967170092151,0,0.411364243787003,0,0,0,0,0
"301","GAGATGACAATCCTTA-1",0.570263993448686,0,0,0.429736006551315,0,0,0,0,0
"302","GAGATGGCTTTAATCA-1",0,0.287838722221272,0,0.121141419051977,0.303091599095914,0,0.287928259630838,0,0
"303","GAGCACCTGTGTCCAG-1",0.384821951874352,0.0862213033367053,0,0.207692874975863,0.32126386981308,0,0,0,0
"304","GAGCGGAATGCGGTGT-1",0,0,0,0.0869404196758717,0.913059580324128,0,0,0,0
"305","GAGCTGTCGTCTCGGA-1",0.552966506743687,0.105051256482368,0,0.281808985335665,0,0,0.0601732514382801,0,0
"306","GAGGGAGTCAGATCGC-1",0.178290514981972,0,0,0.33471603905207,0.486993445965958,0,0,0,0
"307","GAGGGTAGTAACAAAG-1",0,0,0,0.410868022086097,0.550754262346427,0,0.038377715567476,0,0
"308","GAGGTACGCGTGTCCC-1",0.261597313669023,0.426749553202595,0,0.311653133128383,0,0,0,0,0
"309","GAGTAGATACTAGTTG-1",0,0,0,0.963830658271733,0,0,0.0361693417282675,0,0
"310","GAGTATGCGCGTGCAT-1",0.372542386531631,0.0644373698225396,0,0.56302024364583,0,0,0,0,0
"311","GAGTCAGACCAGAATC-1",0,0.974242997091046,0,0.0257570029089543,0,0,0,0,0
"312","GAGTGTCAACCAGAAA-1",0,0,0,0.3225388752193,0.608205365108345,0,0,0.069255759672355,0
"313","GATAGAACCCGCTAGG-1",0,0.0729533804617254,0,0.174388085265705,0.251737969852846,0,0.500920564419723,0,0
"314","GATATGCGGTAGCCAA-1",0.437675379974707,0.107773654304892,0,0.4545509657204,0,0,0,0,0
"315","GATATTTCCTACATGG-1",0.537783699457666,0.462216300542334,0,0,0,0,0,0,0
"316","GATCAACATAAAGGGA-1",0.39447524277197,0.276517230767694,0,0.25811952418614,0.0708880022741959,0,0,0,0
"317","GATCTGCTATCTAAGG-1",0,0,0,1,0,0,0,0,0
"318","GATGACAAGTAGGGCA-1",0,0,0,0.288190413721508,0.711809586278492,0,0,0,0
"319","GATGACGATGATCGCG-1",0.218221787455113,0.302113632518041,0,0.479664580026846,0,0,0,0,0
"320","GATGCTACCTTCGATG-1",0,0.27526900122508,0,0.166248009768885,0.412908844814686,0,0.145574144191349,0,0
"321","GATTGGGAAAGGTTGT-1",0,0,0,0.161558176868551,0.695896604614134,0,0.142545218517316,0,0
"322","GCAAACCTTGGCCATA-1",0.341866581861607,0.149515572037919,0,0.401374846987917,0,0,0.107242999112558,0,0
"323","GCAAGTGTAAAGCATG-1",0,0.110509064812038,0,0.173952636012603,0.715538299175359,0,0,0,0
"324","GCAATTAGTCGCACCG-1",0.196386106672225,0.803613893327774,0,0,0,0,0,0,0
"325","GCACACAGCTATTACC-1",0,0.0713421457951081,0,0.354882752207011,0.415793720282828,0,0.0920964732331958,0.0658849084818579,0
"326","GCACTGCCTACCTTTA-1",0.264055269978747,0.343802677877908,0,0.392142052143346,0,0,0,0,0
"327","GCAGGTAGAGTATGGT-1",0.791595816604351,0.00621072629412954,0,0.202193457101519,0,0,0,0,0
"328","GCATTCAAGGCAACGC-1",0.338852076208424,0.231908239087115,0,0.222271007563574,0,0,0.206968677140888,0,0
"329","GCCATATTGCACACAG-1",0.669031099797468,0.201715740060183,0,0.129253160142348,0,0,0,0,0
"330","GCCATCGAGCTGCGTG-1",0.447640647691755,0.160617742712929,0,0.231013454361662,0.160728155233654,0,0,0,0
"331","GCCCTGAGGATGGGCT-1",0,0,0,0.132075006306592,0.40243728983331,0,0.465487703860099,0,0
"332","GCCGACCCACGACTGC-1",0,0,0,0.205104735490696,0.338201233437187,0,0.456694031072117,0,0
"333","GCCTCTATACATAGCA-1",0.301675820285478,0.213645476929052,0,0.241097471415063,0.243581231370407,0,0,0,0
"334","GCGAGAGGCCATGTAA-1",0.300201920945527,0.147590343513191,0,0.287030021418008,0.148279051042785,0,0.11689866308049,0,0
"335","GCGCGGTCTAGTAACT-1",0.388156589398855,0.515337389083913,0,0.0965060215172316,0,0,0,0,0
"336","GCGCTGATCCAGACTC-1",0.236436754969824,0.763563245030176,0,0,0,0,0,0,0
"337","GCGGCTTTAGCAAGTT-1",0,0,0,0.163085770984507,0.836914229015493,0,0,0,0
"338","GCGGGCATTACGATGC-1",0.52836040395671,0.47163959604329,0,0,0,0,0,0,0
"339","GCGGGCGAGCCTTACC-1",0.386463883141835,0.336037243858953,0,0.277498872999212,0,0,0,0,0
"340","GCGGTGAACTGCGCTC-1",0.510860484479369,0.0432356919009531,0,0.445903823619678,0,0,0,0,0
"341","GCGTCCCTAAGACATA-1",0.317729491249182,0.682270508750818,0,0,0,0,0,0,0
"342","GCGTCGCCAGGGTGAT-1",0.161864981086885,0,0,0.611069713958218,0.227065304954897,0,0,0,0
"343","GCGTTCGGAGACCGGG-1",0.550287380849338,0,0,0.183416109907244,0.152326912052628,0,0,0,0.11396959719079
"344","GCTCAATGTAATACCG-1",0,0,0,1,0,0,0,0,0
"345","GCTCCATGCAAAGCAA-1",0,0.154606090730748,0,0.123320086597706,0.221990688947308,0,0.500083133724238,0,0
"346","GCTCGGAATTTAAAGC-1",0.60196066437188,0.077050569232973,0,0.174073079058814,0.146915687336333,0,0,0,0
"347","GCTCTTTCCGCTAGTG-1",0.36218865154722,0.0920606490766741,0,0.545750699376106,0,0,0,0,0
"348","GCTGCTAAGTAGTCGA-1",0.633089559056285,0.216150054083738,0,0.150760386859976,0,0,0,0,0
"349","GGAAACCTTGTTGAAT-1",0.556299680288242,0,0,0.443700319711758,0,0,0,0,0
"350","GGACTCGTGAGTGGTC-1",0.189681286868556,0,0,0.289769870046681,0.520548843084763,0,0,0,0
"351","GGAGACCAATGTGCTT-1",0.34155896865399,0.246636508631515,0,0.411804522714495,0,0,0,0,0
"352","GGAGCGAGGCCTACTT-1",0.437572042035293,0.193987147973089,0,0.368440809991618,0,0,0,0,0
"353","GGATCATCCCGTACGC-1",0.253287322092462,0.0416188581862177,0,0.19671485137117,0.50837896835015,0,0,0,0
"354","GGATTGCTGTGACTCC-1",0,0.188330980692774,0,0,0.346759869761456,0,0.46490914954577,0,0
"355","GGCAAGCCCATAGTGG-1",0.234375424891942,0.330007223698078,0,0.435617351409979,0,0,0,0,0
"356","GGCCCAGCTGGTTTGC-1",0,0,0,0.151652971927451,0.433457709286871,0,0.414889318785678,0,0
"357","GGCCCGTATACCATGC-1",0,0,0,1,0,0,0,0,0
"358","GGCCGGCGTCTGCTAT-1",0,0,0,0.355718457140268,0.34668080278391,0,0.297600740075822,0,0
"359","GGCCTGCTCTGATGTT-1",0,0,0,0.289881316981603,0.710118683018397,0,0,0,0
"360","GGCGCTTCATTCCCTG-1",0.713491525143868,0.109811335780772,0,0.176697139075361,0,0,0,0,0
"361","GGCGTAGGGAAAGCTG-1",0,0,0,0.137217195736475,0.536827612458714,0,0.325955191804811,0,0
"362","GGCTAAAGGGCGGGTC-1",0.499668363108375,0.15564255846902,0,0.344689078422605,0,0,0,0,0
"363","GGCTACTATACACTCC-1",0.885387486988918,0.114612513011082,0,0,0,0,0,0,0
"364","GGCTCCTCCACCTGTT-1",0,0,0,0.372606048545736,0.627393951454264,0,0,0,0
"365","GGCTTTCAATAAGGGT-1",0,0,0,0.847592257190736,0,0,0.0677321303301851,0.0846756124790786,0
"366","GGGAAGACGGTCTGTC-1",0.430439328543427,0.360239604798069,0,0.209321066658504,0,0,0,0,0
"367","GGGAATGAGCCCTCAC-1",0.0988090843320423,0.395838233894267,0,0.505352681773691,0,0,0,0,0
"368","GGGCGTGGTTTCCCAG-1",0.159315331910782,0.0427684097237436,0,0.139256887943292,0.443309494626728,0,0.215349875795454,0,0
"369","GGGTCAGGAGCTAGAT-1",0.420632808444244,0,0,0.579367191555756,0,0,0,0,0
"370","GGGTGCATATGAAAGC-1",0.419592473393208,0.496139493897109,0,0.0842680327096828,0,0,0,0,0
"371","GGGTTAACATTTGAGT-1",0.249395723251404,0.114431761704982,0,0.210613833815782,0.25674567000675,0,0.168813011221081,0,0
"372","GGTACACCAGATTTAT-1",0,0,0,1,0,0,0,0,0
"373","GGTACCATTAAGACGG-1",0.461124663742551,0.00850649548986692,0,0.374254812346384,0.156114028421198,0,0,0,0
"374","GGTCGGTCGTCCACAG-1",0.318215768372756,0.439265501599962,0,0.242518730027281,0,0,0,0,0
"375","GGTCTTGAGCGCTCTT-1",0.131753228459172,0.156914584897332,0,0.711332186643496,0,0,0,0,0
"376","GGTGCATAAATGATTA-1",0,0.272373761034913,0,0.202305083187818,0.33204304533438,0,0.193278110442888,0,0
"377","GGTGTAAATCGATTGT-1",0.353427047768479,0.377960489159469,0,0.109969085823648,0.158643377248404,0,0,0,0
"378","GGTTTAATTACCATCG-1",0.275046418687597,0.724953581312403,0,0,0,0,0,0,0
"379","GGTTTAATTGAGCAGG-1",0,0,0,1,0,0,0,0,0
"380","GTAACTGCCCAAGGAG-1",0.278227807804565,0.661043213670733,0,0.0607289785247013,0,0,0,0,0
"381","GTACTCCTGGGTATGC-1",0.193721352648142,0.419585931173757,0,0.3866927161781,0,0,0,0,0
"382","GTAGACACGCCTGACT-1",0.370218703323467,0.115164362603994,0,0.514616934072539,0,0,0,0,0
"383","GTAGTCTACGATATTG-1",0.395794713551002,0.441161195718632,0,0.163044090730366,0,0,0,0,0
"384","GTATCAAGGTACTTCC-1",0,0.234636281259689,0,0.226286407019839,0.444324263483714,0,0,0.0947530482367589,0
"385","GTCAATGCTATAATTT-1",0.340750187632605,0.426375653656808,0,0.232874158710586,0,0,0,0,0
"386","GTCCAATATTTAGCCT-1",0.372734696688775,0.088654421271407,0,0.538610882039818,0,0,0,0,0
"387","GTCCGGGTTCACATTA-1",0,0.140396466505686,0,0.232737557774781,0.626865975719533,0,0,0,0
"388","GTCGCCGTTGTGTGTT-1",0.28560526298024,0.537429484079469,0.0474227503192415,0.12954250262105,0,0,0,0,0
"389","GTCGTATTGGCGTACA-1",0.488565944376302,0,0,0.511434055623698,0,0,0,0,0
"390","GTCGTCTGGTTGGCTA-1",0.711966982541683,0.113034834814165,0,0.174998182644152,0,0,0,0,0
"391","GTCTCAAGGCCCGGCT-1",0,0,0,0.910485311798065,0,0,0,0.0895146882019352,0
"392","GTCTCCGCCTCAATAC-1",0,0,0,0.209204052824529,0.536613491921235,0,0.254182455254236,0,0
"393","GTCTCGACTAAGTTTG-1",0,0,0,0.903787116423074,0,0,0.0962128835769265,0,0
"394","GTGAAACGGCGCCACC-1",0.276647246706565,0.144767754197818,0,0.321083478468486,0.257501520627131,0,0,0,0
"395","GTGAAGATTTCAAGTG-1",0,0,0,1,0,0,0,0,0
"396","GTGAAGCCGTATAGTC-1",0,0,0,1,0,0,0,0,0
"397","GTGACAGCTTCCCACT-1",0.311902866587176,0.367501581595775,0,0.320595551817049,0,0,0,0,0
"398","GTGACCTAAAGAATAA-1",0.452812294557622,0.547187705442377,0,0,0,0,0,0,0
"399","GTGACGAGGGTGACCC-1",0,0.365667894434507,0,0.179719901619617,0.454612203945876,0,0,0,0
"400","GTGACGCAGGTTTCAT-1",0.378484588529434,0.476133593195548,0,0.145381818275017,0,0,0,0,0
"401","GTGATCCTTGTCATGA-1",0,0.23727602462115,0,0,0.288141242955163,0,0.474582732423687,0,0
"402","GTGCACCAGCTTCAAC-1",0.482099915576217,0,0,0.458230412272267,0,0,0,0.0596696721515165,0
"403","GTGGACGCATTTGTCC-1",0.240656748956137,0.520960565100656,0,0.238382685943206,0,0,0,0,0
"404","GTGGAGTCGGCGGTTG-1",0,0,0,0.273733328209201,0.726266671790799,0,0,0,0
"405","GTGGTATAGTCTGCCG-1",0.559350303296314,0.283632119706657,0,0.127462484812858,0,0,0.0295550921841717,0,0
"406","GTGTATATCAGCGGGC-1",0.579351729451389,0.328717068390895,0,0.0919312021577155,0,0,0,0,0
"407","GTTAACATCACTTAAA-1",0.535600118904488,0.0682352193905161,0,0.307748650811092,0.0884160108939041,0,0,0,0
"408","GTTAAGGGTGCGATGT-1",0,0,0,0.801865273609545,0,0,0.110198428294306,0.0879362980961485,0
"409","GTTAGCCCATGACATC-1",0,0,0,0.296375827549115,0.595541261668459,0,0.108082910782426,0,0
"410","GTTAGCCGTAAATCAA-1",0.401777955068598,0.423339065476477,0,0.174882979454924,0,0,0,0,0
"411","GTTATATCAGGAGCCA-1",0,0,0,0.927694421656905,0,0,0.072305578343095,0,0
"412","GTTCAGTCGCCAAATG-1",0,0,0,0.350928224562748,0.649071775437251,0,0,0,0
"413","GTTCGTCTGGGTCCCT-1",0.354565961896943,0.434193054984947,0,0.211240983118109,0,0,0,0,0
"414","GTTGGACCGCATCAGG-1",0.713686676815109,0.216593562184151,0,0.0697197610007395,0,0,0,0,0
"415","GTTGGATTCAGTGGCT-1",0,0.547369840201332,0,0.181593256523742,0.271036903274926,0,0,0,0
"416","GTTGGTCATGCTATCC-1",0.610149013916429,0,0,0.237052289550002,0.152798696533569,0,0,0,0
"417","GTTGTAGATTTATGAG-1",0,0,0,0.313305126733049,0.371875830760587,0,0.314819042506364,0,0
"418","TAAACCCAGGAGGGCA-1",0,0.111984370184794,0,0.281878072825856,0.60613755698935,0,0,0,0
"419","TAAAGCGGTATTTCCA-1",0.630435508874488,0,0,0.369564491125512,0,0,0,0,0
"420","TAAAGCTGCAATAGGG-1",0.308051591357073,0.515109001737503,0,0.176839406905424,0,0,0,0,0
"421","TAAATCTTTACACCTC-1",0.782143356240695,0.0571769888898761,0,0.160679654869429,0,0,0,0,0
"422","TAACAGCGTTTGTGCT-1",0.423613720591825,0.219637284255099,0,0.233695708600041,0.123053286553036,0,0,0,0
"423","TAACTATTACGCCAAA-1",0.612420230070628,0.22879909747232,0,0.158780672457052,0,0,0,0,0
"424","TAAGGCCCGTCACCCT-1",0.517076092648015,0.0809874438135834,0,0.401936463538402,0,0,0,0,0
"425","TAATAAACAAGGAGAT-1",0.585304604893468,0.414695395106532,0,0,0,0,0,0,0
"426","TAATACTAGAACAGAC-1",0,0,0,0.202768467873886,0.442657312415329,0,0.354574219710784,0,0
"427","TAATAGCTAAATGATG-1",0.802441689675134,0,0,0.197558310324866,0,0,0,0,0
"428","TAATCGATCCGTACGT-1",0.287183977148069,0,0,0.332289092419355,0.380526930432577,0,0,0,0
"429","TACACCGTCGTTAGTC-1",0,0,0,1,0,0,0,0,0
"430","TACGCCTCCATTCCGA-1",0.306559410327164,0,0,0.548753032933838,0.144687556738998,0,0,0,0
"431","TACGGAAGCCAAACCA-1",0,0,0,0.171737118344932,0.763044968815697,0,0,0,0.0652179128393709
"432","TACGGGATGCTAGCAG-1",0.61372837573866,0.0359419779998069,0,0.182884761399369,0.167444884862164,0,0,0,0
"433","TACGTACTAGTGCTGA-1",0.836810834292747,0.113784612589143,0,0.0494045531181097,0,0,0,0,0
"434","TACTATGGTTCCTCAG-1",0.442903498982052,0.330951980469786,0,0.226144520548162,0,0,0,0,0
"435","TACTCCTCTAGTTGAC-1",0,0,0,0.302895503888645,0.566495008395201,0,0.130609487716154,0,0
"436","TACTGAACAGATTTAG-1",0.378835483650711,0.418052101098091,0,0.0649614476209783,0.13815096763022,0,0,0,0
"437","TACTGCAATCAATTAC-1",0,0,0,1,0,0,0,0,0
"438","TAGACGAAACGCCAAT-1",0.468158341126185,0.0527930810177835,0,0.479048577856032,0,0,0,0,0
"439","TAGGCATGTTACGCCA-1",0.469401895183201,0,0,0.26588097579684,0.264717129019958,0,0,0,0
"440","TAGGTGACGATAACCT-1",0.163005322422336,0.836994677577664,0,0,0,0,0,0,0
"441","TAGGTGTTCCACAGAT-1",0,0,0,0.940237141715925,0,0,0.0597628582840753,0,0
"442","TAGTCCCGGAGACCAC-1",0.14646880683784,0.804470577689631,0,0.049060615472529,0,0,0,0,0
"443","TAGTCTGTGACGTTGC-1",0,0,0,0.804237584391775,0,0,0,0.195762415608225,0
"444","TATACGCGTCATCACT-1",0.280921480946541,0.0985831521173315,0,0.620495366936127,0,0,0,0,0
"445","TATAGAGTCGCTTGAA-1",0.990548428223907,0.00927620296636495,0,0,0,0,0,0,0.000175368809728111
"446","TATATAGGGCTTTACG-1",0,0,0,0.251236550457566,0.748763449542434,0,0,0,0
"447","TATCACTTCGAGTAAC-1",0.358398599286485,0.156006527912111,0,0.193127110328174,0.29246776247323,0,0,0,0
"448","TATCCTATCAACTGGT-1",0.141968593734429,0.460622217705121,0,0.0695943796453414,0.327814808915108,0,0,0,0
"449","TATCGATCTATGCATA-1",0.551284210951954,0.299152029141337,0,0.149563759906708,0,0,0,0,0
"450","TATGATCCGGCACGCC-1",0,0,0,1,0,0,0,0,0
"451","TATGGCTAGGCTAATT-1",0.701277857233294,0.298722142766706,0,0,0,0,0,0,0
"452","TATGTAAAGTGCTTAA-1",0.0940107416288967,0,0,0.402353606952022,0.503635651419081,0,0,0,0
"453","TATTAACCTGACCGCG-1",0.354800991218368,0.571626171989661,0,0.0735728367919702,0,0,0,0,0
"454","TCAAATTGTTGTGCCG-1",0,0,0,0.19072777416957,0.420644677078672,0,0.388627548751758,0,0
"455","TCAAATTTGAGACTCA-1",0.260513666995186,0.13639019302312,0,0.499985499947891,0,0,0,0.103110640033803,0
"456","TCAACATAGCGCCCTA-1",0.625061628696907,0.149472644571803,0,0.0742589140578549,0,0,0.151206812673434,0,0
"457","TCAAGCTGCCTTGAAA-1",0.449039481643794,0.50412257689966,0,0.0468379414565458,0,0,0,0,0
"458","TCAATACGCCGTCATG-1",0,0,0,1,0,0,0,0,0
"459","TCACAGGAGAATAAGA-1",0.319857726644834,0.157197914496841,0,0.148839632836916,0.374104726021408,0,0,0,0
"460","TCAGAACCTCCACAGG-1",0.431268411477483,0.192494642511845,0,0.222855031115543,0.153381914895129,0,0,0,0
"461","TCAGCAGTAGGCCCTG-1",0.571428591309062,0.31698422436362,0,0.111587184327319,0,0,0,0,0
"462","TCAGTGTATACGTCAT-1",0,0,0,0.228130463508158,0.771869536491842,0,0,0,0
"463","TCATATGAGCTTTGTT-1",0,0,0,1,0,0,0,0,0
"464","TCATGCAGGTTCTCAT-1",0.480032065629595,0.395292343959836,0,0.124675590410569,0,0,0,0,0
"465","TCCAAGCCTAGACACA-1",0,0,0,0.199603401314875,0.586299548855558,0,0.214097049829566,0,0
"466","TCCAATAAAGGCTACC-1",0,0,0,1,0,0,0,0,0
"467","TCCACATCGTATATTG-1",0.13980800044706,0.340978927547279,0,0.132838335608878,0.216921938924234,0,0.169452797472549,0,0
"468","TCCACCTCTAGCCTTT-1",0,0,0,0.757673076687227,0,0,0.0685858639180302,0.173741059394743,0
"469","TCCAGATGTACGCCAA-1",0,0,0,1,0,0,0,0,0
"470","TCCAGGGTATATACGA-1",0,0,0,1,0,0,0,0,0
"471","TCCCAAACAGACAACG-1",0,0,0,1,0,0,0,0,0
"472","TCCCGCCTATGTGCGT-1",0.103786634386053,0.806687969413739,0,0.0895253962002078,0,0,0,0,0
"473","TCCCTTAGATTACTCG-1",0.259828770146634,0.740171229853366,0,0,0,0,0,0,0
"474","TCCGAATGGTCCTGAG-1",0.304722268901345,0.612834027974643,0,0.0824437031240117,0,0,0,0,0
"475","TCCGCCTGTCTACAAG-1",0.212650908090515,0.62780682013162,0,0.159542271777866,0,0,0,0,0
"476","TCCTAAATTGGGAAGC-1",0.575858023789584,0.248154376913172,0,0.175987599297244,0,0,0,0,0
"477","TCCTAACCGTCGGGCA-1",0.707760812374549,0.00779423900870616,0,0.284444948616745,0,0,0,0,0
"478","TCCTTGTCCTTTAATT-1",0.0648911471726084,0,0,0.214170920908089,0.577293545931163,0,0.14364438598814,0,0
"479","TCGAATATCCCGCAGG-1",0,0,0,0.388347451626406,0.611652548373594,0,0,0,0
"480","TCGAGCCAGGCAGGCC-1",0,0.13298748678281,0,0.289525754980156,0.577486758237035,0,0,0,0
"481","TCGCTACTGGCTTTGA-1",0.213856534405644,0.33887079722301,0,0.337081124777011,0,0,0.110191543594334,0,0
"482","TCGCTCGGCACCAGCG-1",0,0,0,0.901948503330489,0,0,0.0980514966695112,0,0
"483","TCGCTTTAAACGTTTG-1",0,0.138229229347217,0,0.474479473069099,0.387291297583683,0,0,0,0
"484","TCGGGAACGTGCCTAG-1",0.286003439668731,0.164535413634227,0,0.14830003000987,0.401161116687172,0,0,0,0
"485","TCGGGAGACAGCGTAC-1",0.243285412638694,0.224339105932031,0,0.532375481429275,0,0,0,0,0
"486","TCGTACCGACGTCAAG-1",0.107769663512853,0.862918087908455,0,0.0293122485786913,0,0,0,0,0
"487","TCGTCAAGTACGCGCA-1",0,0,0,0.23123808558689,0.6048240738255,0,0.16393784058761,0,0
"488","TCGTTGCTATCCGGTC-1",0.425855855240863,0.189099919127327,0,0.244087350976687,0.0872444100334335,0,0.0537124646216894,0,0
"489","TCTCTTACCGCGAACC-1",0.543169851213948,0.250655267248811,0,0.206174881537241,0,0,0,0,0
"490","TCTGACGGGCTAACCC-1",0,0,0,1,0,0,0,0,0
"491","TCTTGCTCCCGATACT-1",0.23667178892481,0.141844620492117,0,0.621483590583073,0,0,0,0,0
"492","TGAACAAGCAGGGACT-1",0,0,0,0.363013677190116,0.636986322809884,0,0,0,0
"493","TGAATACCGACGCGTA-1",0,0,0,0.188369310917036,0.811630689082964,0,0,0,0
"494","TGAATGAGTGTTTCCC-1",0.425079063556977,0.574920936443023,0,0,0,0,0,0,0
"495","TGACATGTAACGTGAC-1",0.173433783962203,0.702664391460245,0,0,0.123901824577552,0,0,0,0
"496","TGACCAAATCTTAAAC-1",0.280913026559768,0.338655237952847,0,0.262979016941501,0,0,0.117452718545884,0,0
"497","TGAGATTAGGCCCTAA-1",0.258372741896027,0.628307413674712,0,0.11331984442926,0,0,0,0,0
"498","TGAGCGGAAAGTGTTC-1",0.497629217514783,0,0,0.436157812653207,0.0662129698320094,0,0,0,0
"499","TGAGCTTTAATGACGC-1",0.477817670667854,0.446462859276433,0,0.0757194700557139,0,0,0,0,0
"500","TGATACATTTAGCCGT-1",0.467798598772058,0.11468948106785,0,0.162585633274069,0.254926286886023,0,0,0,0
"501","TGATGGCTGTTTCTGA-1",0.4312225637916,0.489545902583693,0,0.0792315336247069,0,0,0,0,0
"502","TGATTCCCGGTTACCT-1",0.791691707828804,0,0,0.208308292171196,0,0,0,0,0
"503","TGCAAAGTTCGTCTGT-1",0,0,0,0.274817039681189,0.51553857939336,0,0.209644380925451,0,0
"504","TGCCAATGGGTACTCT-1",0.172629033825079,0,0,0.229576053420203,0.212741042083238,0,0.38505387067148,0,0
"505","TGCCATTACTAAAGAA-1",0.455798454497662,0.28838174243621,0,0.255819803066128,0,0,0,0,0
"506","TGCCGAAAGCGTATTC-1",0.153103353069189,0.450608105373069,0,0.27421979718089,0.122068744376852,0,0,0,0
"507","TGCCGGATGTACGAGC-1",0,0,0,0.292033429317496,0.707966570682504,0,0,0,0
"508","TGCCGTGGGACCCAAT-1",0,0,0,0.293332514280514,0.631297872562825,0,0.0753696131566601,0,0
"509","TGCGACGGCCGAACGT-1",0,0,0,0.302214792082375,0.489743221982762,0,0.208041985934863,0,0
"510","TGCGGACTTGACTCCG-1",0,0,0,0.280785247082893,0.552242392099931,0,0.166972360817176,0,0
"511","TGCTCGGCGAAACCCA-1",0.257914157931862,0.0907918030857893,0,0.567031314609024,0,0,0.0842627243733245,0,0
"512","TGCTCGGTGGGTCACC-1",0.569136587335755,0.138170010508935,0,0.29269340215531,0,0,0,0,0
"513","TGCTCTGCCGGTTCAC-1",0.140446273515793,0.730954607503797,0,0.12859911898041,0,0,0,0,0
"514","TGCTCTTGAGAGTTTG-1",0.324878210484762,0.214602673193785,0,0.370229006797957,0,0,0.0902901095234954,0,0
"515","TGCTTCCCAAGCAGTA-1",0,0,0,1,0,0,0,0,0
"516","TGGAAGGATAAAGATG-1",0,0,0,0.129405908096249,0.870594091903751,0,0,0,0
"517","TGGAATATCCTTGACC-1",0,0,0,1,0,0,0,0,0
"518","TGGACCAATCTAAGAT-1",0,0.18238679376341,0,0.189262420848321,0.347914801381572,0,0.280435984006697,0,0
"519","TGGAGGGAAACACCTC-1",0.332224217186788,0.452007174408131,0,0.215768608405082,0,0,0,0,0
"520","TGGCAACTCGCGCGCC-1",0.529086801998233,0.14320815540725,0,0.327705042594518,0,0,0,0,0
"521","TGGCAAGCACAAGTCG-1",0.44877008108597,0.096940610066445,0,0.454289308847585,0,0,0,0,0
"522","TGGCGACTGCTCCAAA-1",0.39329785637728,0.321055832534798,0,0.285646311087921,0,0,0,0,0
"523","TGGCTATGTGACATAC-1",0,0.166765942759045,0,0.093647110947378,0.497109931127822,0,0.242477015165755,0,0
"524","TGGGCGATACAATAAG-1",0.501488893884389,0.39676089255919,0,0.10175021355642,0,0,0,0,0
"525","TGGGTGTTAAGTAGAA-1",0,0,0,0.720542986165849,0.279457013834151,0,0,0,0
"526","TGGTTAAGGGCGCTGG-1",0,0,0,0.804718144412893,0,0,0.195281855587107,0,0
"527","TGGTTTAAACGTGGGT-1",0,0,0,1,0,0,0,0,0
"528","TGTATACGGATGATGA-1",0.523061145875727,0.41069810208753,0,0.0662407520367425,0,0,0,0,0
"529","TGTCATTTGTTGGGAA-1",0.30328950584143,0.144376206792846,0,0.552334287365724,0,0,0,0,0
"530","TGTGGCGGGCTTCTGG-1",0.52624206317185,0,0,0.47375793682815,0,0,0,0,0
"531","TGTGGTTGCTAAAGCT-1",0.946050953469265,0.0539490465307345,0,0,0,0,0,0,0
"532","TGTTCCGGCCTGAGCT-1",0,0.129743543861704,0,0.296713916299553,0.248986994042317,0,0.324555545796426,0,0
"533","TGTTGTCAAGAAGTCT-1",0.441738800706445,0.111885378169463,0,0.308752331593018,0.137623489531074,0,0,0,0
"534","TTAACGAACAAGCAGT-1",0.29293140247588,0.208911486836952,0,0.498157110687167,0,0,0,0,0
"535","TTAATTGCTTTGGGTG-1",0.545986962595284,0.0568699229275225,0,0.397143114477194,0,0,0,0,0
"536","TTAATTTCAGACGCGG-1",0,0.123966895501227,0,0.110255525235329,0.313077402047354,0,0.45270017721609,0,0
"537","TTACCCATTGCCGGGT-1",0.423739108243373,0.576260891756627,0,0,0,0,0,0,0
"538","TTACTGTCTAGAGCTC-1",0.580617923725651,0.258776134570614,0,0,0.160605941703735,0,0,0,0
"539","TTAGCTAATACGATCT-1",0.416868781968844,0.0932026146374835,0,0.489928603393673,0,0,0,0,0
"540","TTAGGTCATAACCGAC-1",0.293672750836819,0.318284513496904,0,0.235578789989554,0.152463945676723,0,0,0,0
"541","TTAGTTCAAGTGTTCG-1",0,0,0,1,0,0,0,0,0
"542","TTATAGGTAATTGTCT-1",0,0,0,0.832559159596851,0,0,0,0.167440840403149,0
"543","TTCACTCGAGCACCTA-1",0.395553942512903,0,0,0.4059198697356,0.198526187751497,0,0,0,0
"544","TTCACTTCCTAGAACG-1",0.224297816349927,0.680578979954388,0,0.095123203695685,0,0,0,0,0
"545","TTCCAATCAGAGCTAG-1",0.563556780113719,0.147644957800729,0,0.288798262085552,0,0,0,0,0
"546","TTCCGCAGAGAAATAT-1",0,0,0,0.905059630399994,0,0,0,0,0.0949403696000062
"547","TTCCGGCCTTGAGGCT-1",0.296711720698705,0.266208191805666,0,0.116653831810955,0.235235371902312,0,0.0851908837823622,0,0
"548","TTCGCACTGTACGACA-1",0,0,0,1,0,0,0,0,0
"549","TTCGCTATCTGACGTG-1",0,0,0,1,0,0,0,0,0
"550","TTCGGCAACCCGCTGA-1",0.271868161305205,0.728131838694795,0,0,0,0,0,0,0
"551","TTCGGTACTGTAGAGG-1",0.625727684727385,0,0,0.374272315272615,0,0,0,0,0
"552","TTCGTTCAACGAAGTT-1",0,0,0,0.929855371624396,0,0,0.0701446283756042,0,0
"553","TTCTATGCCTTTCGCA-1",0,0,0,1,0,0,0,0,0
"554","TTCTATTAAACGCAGC-1",0.44029079267269,0.341578228267965,0,0.218130979059345,0,0,0,0,0
"555","TTCTGCTAGACTCCAA-1",0.479235346108164,0.350568282210509,0,0.170196371681327,0,0,0,0,0
"556","TTCTTTGGTCGCGACG-1",0,0,0,0.79827387098527,0,0,0.116165147410928,0.0855609816038016,0
"557","TTGACCAGGAACAACT-1",0,0,0,0.28601234928255,0.589735982079696,0,0,0,0.124251668637754
"558","TTGACCATGTTCTCCG-1",0.2571617696182,0.0691265041303874,0,0.167946934509052,0.330060962552773,0,0.175703829189588,0,0
"559","TTGATAGTCAATACAT-1",0,0,0,1,0,0,0,0,0
"560","TTGATGTGTAGTCCCG-1",0.382407212910977,0.0296038100738682,0,0.332416498706537,0.255572478308618,0,0,0,0
"561","TTGCAAGAAGACTCCT-1",0,0.123020275176039,0,0.222274906470468,0.391856438095661,0,0.262848380257832,0,0
"562","TTGCCGCTTTCTAGTA-1",0.219341183120936,0.780658816879064,0,0,0,0,0,0,0
"563","TTGGCCTAGAATTTCG-1",0.319097773897459,0.349503289122309,0,0.132388643662761,0.199010293317471,0,0,0,0
"564","TTGGGAAGACGAGCCG-1",0.459446478954766,0.271475666984844,0,0.26907785406039,0,0,0,0,0
"565","TTGGTATGGCTTGTGT-1",0,0.503336801930081,0,0.0825631615754507,0.19448329616257,0,0.219616740331898,0,0
"566","TTGTGCAGCCACGTCA-1",0,0,0,0.910057118500613,0,0,0.0899428814993871,0,0
"567","TTGTGTATGCCACCAA-1",0,0,0,1,0,0,0,0,0
"568","TTGTTTCACATCCAGG-1",0.602159084493614,0.397840915506386,0,0,0,0,0,0,0
